PV MassSpec-24.10.00
EXPORTED RUN DATA
Run Path and Name: C:\Pfeiffer Vacuum\data\006-24-2026\exsample.isi
06/24/2026 13:25:54
SensorID:  RGA PrismaPro A 200 47505932
38 Bins
250 TimePoints

Time Relative (sec)	Time Absolute (UTC)	Time Absolute (Date_Time)	Step	Ionizer_State	Pressure_(mBar)	External_Pressure_(mBar)	12_amu_(Methane_/_CH4)	13_amu_(Methane_/_CH4)	14_amu_(Nitrogen_/_N2)	15_amu_(Methane_/_CH4)	16_amu_(Oxygen_/_O2)	17_amu_(Water_/_H2O)	18_amu_(Water_/_H2O)	22_amu_(Carbon_dioxide_/_CO2)	28_amu_(Nitrogen_/_N2)	29_amu_(Nitrogen_/_N2)	32_amu_(Oxygen_/_O2)	44_amu_(Carbon_dioxide_/_CO2)	45_amu_(Carbon_dioxide_/_CO2)	Periph:_Digital_In_0	Periph:_Digital_In_1	Periph:_Digital_In_13	Periph:_Digital_In_14	Periph:_Digital_In_15	Periph:_Digital_In_16	Periph:_Digital_In_17	Periph:_Digital_Out_2	Periph:_Digital_Out_3	Periph:_Digital_Out_4	Periph:_Digital_Out_5	Periph:_Digital_Out_6	Periph:_Digital_Out_7	Periph:_Digital_Out_8	Periph:_Digital_Out_9	Periph:_Digital_Out_10	Periph:_Digital_Out_11	Sig:_MCD	Sig:_MCD_CO2	Sig:_MCD_N2	Sig:_MCD_O2
3.445	1782300358.325	06/24/2026_13:25:58.325	1	3	2.357179619e-05	3.644821845e-06	1.014548959e-13	7.725267366e-13	6.648800954e-11	5.034703557e-12	4.393636149e-11	5.547530317e-12	1.963074321e-11	4.054611532e-14	8.590767542e-10	6.003055258e-12	1.967135344e-10	3.97747048e-13	4.999999912e-15	1	1	1	1	1	1	1	0	0	0	0	0	0	0	0	0	0	4.10451186e-08	0.04352194457	78.47289662	21.48358144
5.311	1782300360.191	06/24/2026_13:26:00.191	1	3	2.248671444e-05	3.611448165e-06	2.453287106e-14	6.141551297e-15	1.293647967e-10	4.16457423e-13	4.544788504e-11	5.182005866e-12	1.926652587e-11	8.4434067e-14	8.483224123e-10	5.938084659e-12	1.953774087e-10	4.443232078e-13	4.999999912e-15	1	1	1	1	1	1	1	0	0	0	0	0	0	0	0	0	0	9.172256003e-08	0.04878744801	78.52475261	21.42645994
7.178	1782300362.058	06/24/2026_13:26:02.058	1	3	2.242395749e-05	3.653211252e-06	4.183645821e-14	1.015146626e-14	1.290052787e-10	4.417101179e-13	4.529873004e-11	5.184825225e-12	1.943641949e-11	7.533349758e-14	8.721202649e-10	6.199729098e-12	2.050606213e-10	4.846139223e-13	4.999999912e-15	1	1	1	1	1	1	1	0	0	0	0	0	0	0	0	0	0	8.121412762e-08	0.05162786415	78.2019218	21.74645034
9.044	1782300363.924	06/24/2026_13:26:03.924	1	3	2.374732503e-05	3.838382327e-06	6.464389435e-14	3.600155655e-14	1.431075813e-10	4.643782104e-13	5.063197778e-11	5.512726126e-12	2.029082111e-11	1.416221741e-13	9.640305221e-10	6.821034189e-12	2.239197994e-10	5.093369845e-13	1.86058749e-14	1	1	1	1	1	1	1	0	0	0	0	0	0	0	0	0	0	1.57757698e-07	0.0492932024	78.38987216	21.56083463
10.911	1782300365.791	06/24/2026_13:26:05.791	1	3	2.535198837e-05	4.114122476e-06	4.384264897e-14	6.094362753e-14	1.500444213e-10	5.287910951e-13	5.284132854e-11	5.349529847e-12	1.989943106e-11	1.202912553e-13	9.858275307e-10	7.001665307e-12	2.28376193e-10	4.947086577e-13	4.999999912e-15	1	1	1	1	1	1	1	0	0	0	0	0	0	0	0	0	0	1.331268746e-07	0.04672943544	78.42586697	21.52740359
12.777	1782300367.657	06/24/2026_13:26:07.657	1	3	2.57827669e-05	4.136256848e-06	5.517244647e-14	8.015330478e-15	1.50147686e-10	5.041267967e-13	5.281484278e-11	4.955227201e-12	1.833637409e-11	1.016923565e-13	9.852776373e-10	6.984233938e-12	2.28747285e-10	4.96540092e-13	4.999999912e-15	1	1	1	1	1	1	1	0	0	0	0	0	0	0	0	0	0	1.116507162e-07	0.04690826388	78.39104872	21.56204301
14.643	1782300369.523	06/24/2026_13:26:09.523	1	3	2.59035005e-05	4.222759344e-06	4.999999912e-15	5.449095087e-15	1.510103431e-10	4.586169769e-13	5.280569038e-11	4.367336787e-12	1.625796199e-11	5.334298067e-14	9.881688801e-10	6.97392491e-12	2.276153294e-10	4.861959902e-13	1.767943769e-14	1	1	1	1	1	1	1	0	0	0	0	0	0	0	0	0	0	5.58216659e-08	0.04592717802	78.52227582	21.431797
16.51	1782300371.390	06/24/2026_13:26:11.390	1	3	2.613011202e-05	4.23085794e-06	6.223895097e-14	2.345310564e-14	1.50320964e-10	4.755854998e-13	5.248721596e-11	3.932511435e-12	1.444411864e-11	8.860726958e-14	9.790365185e-10	6.805558721e-12	2.271751398e-10	5.222528139e-13	4.999999912e-15	1	1	1	1	1	1	1	0	0	0	0	0	0	0	0	0	0	9.65413593e-08	0.04967481574	78.40057511	21.54975007
18.376	1782300373.256	06/24/2026_13:26:13.256	1	3	2.605369264e-05	4.193724635e-06	5.617157266e-14	4.999999912e-15	1.495966545e-10	4.936243471e-13	5.237150644e-11	3.629801537e-12	1.348881857e-11	7.725506975e-14	9.808128754e-10	6.901886181e-12	2.254969544e-10	4.626801329e-13	4.999999912e-15	1	1	1	1	1	1	1	0	0	0	0	0	0	0	0	0	0	8.343296804e-08	0.04396649768	78.55411973	21.40191377
20.243	1782300375.123	06/24/2026_13:26:15.123	1	3	2.597882849e-05	4.195331712e-06	4.967456568e-14	5.062639354e-14	1.49343149e-10	4.463343757e-13	5.234590886e-11	3.315128554e-12	1.212208285e-11	6.290452236e-14	9.778499122e-10	7.004681557e-12	2.271721006e-10	4.741960947e-13	4.999999912e-15	1	1	1	1	1	1	1	0	0	0	0	0	0	0	0	0	0	6.686238324e-08	0.04511035159	78.38412037	21.57076928
22.109	1782300376.989	06/24/2026_13:26:16.989	1	3	2.598843457e-05	4.256881766e-06	1.675001216e-14	3.712064293e-14	1.494326052e-10	4.356840409e-13	5.253950747e-11	2.996114858e-12	1.110188677e-11	9.933968524e-14	9.735411366e-10	6.875802011e-12	2.250380854e-10	4.435057465e-13	4.999999912e-15	1	1	1	1	1	1	1	0	0	0	0	0	0	0	0	0	0	1.089340854e-07	0.04238387955	78.46213888	21.49547724
23.975	1782300378.855	06/24/2026_13:26:18.855	1	3	2.603314897e-05	4.240600902e-06	7.873157692e-14	2.04990613e-14	1.487739792e-10	4.362749853e-13	5.19110345e-11	2.809335663e-12	1.017530418e-11	9.776807321e-14	9.684170132e-10	6.846758837e-12	2.238266517e-10	4.382144875e-13	4.999999912e-15	1	1	1	1	1	1	1	0	0	0	0	0	0	0	0	0	0	1.071193442e-07	0.04209808329	78.47064871	21.48725321
25.842	1782300380.722	06/24/2026_13:26:20.722	1	3	2.591449265e-05	4.238971542e-06	7.68349143e-14	4.999999912e-15	1.482128448e-10	4.044495858e-13	5.204542006e-11	2.689369344e-12	9.906302341e-12	1.374848179e-13	9.748510887e-10	6.896933979e-12	2.253448123e-10	4.753307123e-13	4.999999912e-15	1	1	1	1	1	1	1	0	0	0	0	0	0	0	0	0	0	1.529802907e-07	0.04541023781	78.46511931	21.48947045
27.708	1782300382.588	06/24/2026_13:26:22.588	1	3	2.594428588e-05	4.2341062e-06	6.468022868e-14	4.170104136e-14	1.488326684e-10	4.732358711e-13	5.195307379e-11	2.620973534e-12	9.626454148e-12	1.383888663e-13	9.701344172e-10	6.809800553e-12	2.23669458e-10	4.651194252e-13	4.999999912e-15	1	1	1	1	1	1	1	0	0	0	0	0	0	0	0	0	0	1.540241959e-07	0.04465631208	78.50860798	21.44673571
29.575	1782300384.455	06/24/2026_13:26:24.455	1	3	2.588086318e-05	4.258517492e-06	5.247925439e-14	8.231237821e-14	1.478241141e-10	4.243597661e-13	5.166726422e-11	2.532375351e-12	9.342155521e-12	1.105843458e-13	9.644237631e-10	6.809352127e-12	2.23240898e-10	4.223644817e-13	4.999999912e-15	1	1	1	1	1	1	1	0	0	0	0	0	0	0	0	0	0	1.21918301e-07	0.04071595219	78.44720599	21.51207806
31.441	1782300386.321	06/24/2026_13:26:26.321	1	3	2.592727651e-05	4.22437779e-06	9.73499032e-14	6.006547798e-14	1.466079064e-10	5.263956046e-13	5.191211003e-11	2.490697752e-12	9.064944975e-12	8.039628127e-14	9.599749884e-10	6.833071001e-12	2.229524204e-10	4.168880681e-13	3.343032367e-14	1	1	1	1	1	1	1	0	0	0	0	0	0	0	0	0	0	8.706012667e-08	0.04049327769	78.38446681	21.57503991
33.307	1782300388.187	06/24/2026_13:26:28.187	1	3	2.587346899e-05	4.279788755e-06	9.729962333e-14	2.302148814e-14	1.46963941e-10	4.571807885e-13	5.10772119e-11	2.432888743e-12	8.933236963e-12	1.321666572e-13	9.6170516e-10	6.834139157e-12	2.21603888e-10	4.269334452e-13	4.999999912e-15	1	1	1	1	1	1	1	0	0	0	0	0	0	0	0	0	0	1.468394076e-07	0.0413224731	78.52598641	21.43269112
35.174	1782300390.054	06/24/2026_13:26:30.054	1	3	2.599663458e-05	4.263420578e-06	9.544077226e-14	3.86220461e-14	1.462035909e-10	5.402771871e-13	5.151566326e-11	2.38761246e-12	8.687815224e-12	9.828429574e-14	9.530282119e-10	6.800855452e-12	2.212686978e-10	4.786237053e-13	1.297058503e-14	1	1	1	1	1	1	1	0	0	0	0	0	0	0	0	0	0	1.077154266e-07	0.04676432464	78.38699134	21.56624434
37.04	1782300391.920	06/24/2026_13:26:31.920	1	3	2.585738912e-05	4.237347639e-06	1.001102955e-13	7.311273304e-14	1.459904281e-10	4.579404347e-13	5.116423604e-11	2.3541774e-12	8.607443751e-12	1.015360349e-13	9.492897579e-10	6.792601204e-12	2.185749221e-10	4.674467736e-13	8.886500476e-15	1	1	1	1	1	1	1	0	0	0	0	0	0	0	0	0	0	1.114702116e-07	0.04589755429	78.52494104	21.42916141
38.907	1782300393.787	06/24/2026_13:26:33.787	1	3	2.580807814e-05	4.306118171e-06	1.197929288e-13	7.023436601e-14	1.451774673e-10	4.244404307e-13	5.059228383e-11	2.301844045e-12	8.429642401e-12	1.339229563e-13	9.466784023e-10	6.770232378e-12	2.182762165e-10	4.900604662e-13	4.443952598e-14	1	1	1	1	1	1	1	0	0	0	0	0	0	0	0	0	0	1.488674071e-07	0.04846163545	78.50702898	21.44450938
40.773	1782300395.653	06/24/2026_13:26:35.653	1	3	2.576749466e-05	4.320998869e-06	1.553698576e-13	3.674627809e-14	1.446841535e-10	4.591690526e-13	5.037196354e-11	2.285914947e-12	8.300574637e-12	1.34517343e-13	9.435865422e-10	6.713558095e-12	2.166777452e-10	4.906389964e-13	1.502160077e-14	1	1	1	1	1	1	1	0	0	0	0	0	0	0	0	0	0	1.495537458e-07	0.04855709664	78.57332591	21.37811699
42.639	1782300397.519	06/24/2026_13:26:37.519	1	3	2.577647501e-05	4.247105608e-06	1.351321399e-13	8.466155972e-14	1.444134257e-10	4.741886137e-13	5.0059068e-11	2.230523275e-12	8.222200698e-12	5.840873575e-14	9.423787306e-10	6.691989844e-12	2.162165585e-10	5.327556972e-13	1.730506607e-14	1	1	1	1	1	1	1	0	0	0	0	0	0	0	0	0	0	6.167109602e-08	0.05285405594	78.58761792	21.35952802
44.506	1782300399.386	06/24/2026_13:26:39.386	1	3	2.575665349e-05	4.245478522e-06	1.412916279e-13	1.099053235e-13	1.442098385e-10	4.426495249e-13	4.986460897e-11	2.2117321e-12	8.198764584e-12	8.114349985e-14	9.447448379e-10	6.7110692e-12	2.161115176e-10	4.809135945e-13	1.639954042e-14	1	1	1	1	1	1	1	0	0	0	0	0	0	0	0	0	0	8.792294037e-08	0.04758228282	78.64351805	21.30889967
46.372	1782300401.252	06/24/2026_13:26:41.252	1	3	2.578126441e-05	4.276510026e-06	1.484551956e-13	6.723949468e-14	1.443292291e-10	5.181691664e-13	5.007283477e-11	2.19711532e-12	8.089651345e-12	1.23369251e-13	9.416649682e-10	6.711780003e-12	2.155858408e-10	4.859584957e-13	2.026955264e-14	1	1	1	1	1	1	1	0	0	0	0	0	0	0	0	0	0	1.36681038e-07	0.04824917962	78.62504423	21.32670659
48.239	1782300403.119	06/24/2026_13:26:43.119	1	3	2.568271702e-05	4.211443411e-06	1.899023473e-13	1.161419593e-13	1.438979214e-10	4.386590104e-13	4.958564115e-11	2.109317495e-12	7.859779667e-12	1.356364158e-13	9.362548514e-10	6.656397222e-12	2.141922056e-10	4.959914857e-13	2.434070469e-14	1	1	1	1	1	1	1	0	0	0	0	0	0	0	0	0	0	1.508459398e-07	0.04956813709	78.64026479	21.31016707
50.105	1782300404.985	06/24/2026_13:26:44.985	1	3	2.578595377e-05	4.222759344e-06	1.622193048e-13	1.044407887e-13	1.43181425e-10	5.257046426e-13	4.97153603e-11	2.146517556e-12	7.749047064e-12	1.710963727e-13	9.381249111e-10	6.720371655e-12	2.145095768e-10	4.976078685e-13	5.095941979e-14	1	1	1	1	1	1	1	0	0	0	0	0	0	0	0	0	0	1.917915711e-07	0.04979064255	78.64506547	21.30514389
51.971	1782300406.851	06/24/2026_13:26:46.851	1	3	2.560546636e-05	4.251995506e-06	1.442083215e-13	1.121449938e-13	1.434252994e-10	4.301657771e-13	4.931567307e-11	2.064893829e-12	7.582067786e-12	9.938894868e-14	9.311735272e-10	6.62962827e-12	2.128490717e-10	5.169967644e-13	2.946372597e-14	1	1	1	1	1	1	1	0	0	0	0	0	0	0	0	0	0	1.0899097e-07	0.05200113209	78.65292953	21.29506934
53.838	1782300408.718	06/24/2026_13:26:48.718	1	3	2.562418013e-05	4.258517492e-06	1.47570568e-13	1.074227106e-13	1.425102397e-10	4.276737384e-13	4.916056104e-11	2.065874598e-12	7.475456885e-12	1.028706878e-13	9.284803482e-10	6.65303793e-12	2.118334119e-10	4.825330673e-13	4.609974783e-14	1	1	1	1	1	1	1	0	0	0	0	0	0	0	0	0	0	1.13011336e-07	0.04876796844	78.68457273	21.2666593
55.704	1782300410.584	06/24/2026_13:26:50.584	1	3	2.560572102e-05	4.204993274e-06	1.168946396e-13	1.472614348e-13	1.425320417e-10	4.68846587e-13	4.91094318e-11	2.009316324e-12	7.362925374e-12	1.162056698e-13	9.267584478e-10	6.628909227e-12	2.113893366e-10	4.961149221e-13	1.250462543e-14	1	1	1	1	1	1	1	0	0	0	0	0	0	0	0	0	0	1.284092468e-07	0.05005209704	78.68755763	21.26239027
57.571	1782300412.451	06/24/2026_13:26:52.451	1	3	2.560361645e-05	4.217907644e-06	1.593449222e-13	6.484350275e-14	1.415230433e-10	4.302285253e-13	4.89269944e-11	1.984995501e-12	7.33849613e-12	9.858348811e-14	9.190356809e-10	6.610001175e-12	2.108033192e-10	4.867007405e-13	4.796953579e-14	1	1	1	1	1	1	1	0	0	0	0	0	0	0	0	0	0	1.080609042e-07	0.04964847816	78.59536935	21.35498217
59.437	1782300414.317	06/24/2026_13:26:54.317	1	3	2.561101428e-05	4.229236765e-06	1.868278481e-13	7.850308131e-14	1.41517964e-10	4.28212858e-13	4.898925016e-11	1.911095414e-12	7.163475542e-12	1.08499486e-13	9.232878351e-10	6.569931665e-12	2.101230301e-10	4.576875445e-13	5.057759428e-14	1	1	1	1	1	1	1	0	0	0	0	0	0	0	0	0	0	1.195109123e-07	0.0465532174	78.72400946	21.22943732
61.303	1782300416.183	06/24/2026_13:26:56.183	1	3	2.568781929e-05	4.276510026e-06	1.386830646e-13	8.852311516e-14	1.411353256e-10	4.133181698e-13	4.859478098e-11	1.92243335e-12	7.087617385e-12	1.243021528e-13	9.185321947e-10	6.59467923e-12	2.094714818e-10	4.446845724e-13	3.87494839e-14	1	1	1	1	1	1	1	0	0	0	0	0	0	0	0	0	0	1.377582601e-07	0.04537185522	78.69576055	21.2588676
63.17	1782300418.050	06/24/2026_13:26:58.050	1	3	2.557732114e-05	4.242226169e-06	1.568652841e-13	8.440319434e-14	1.409426048e-10	4.358413858e-13	4.849558602e-11	1.891240203e-12	7.017948288e-12	1.110343507e-13	9.185944783e-10	6.524712194e-12	2.091165713e-10	4.908440191e-13	2.722205667e-14	1	1	1	1	1	1	1	0	0	0	0	0	0	0	0	0	0	1.224379219e-07	0.05006400263	78.72143025	21.22850575
65.036	1782300419.916	06/24/2026_13:26:59.916	1	3	2.561694237e-05	4.251995506e-06	1.174566629e-13	1.034262397e-13	1.417169576e-10	4.224386411e-13	4.887905705e-11	1.883222311e-12	6.946230049e-12	6.918844295e-14	9.178912075e-10	6.494252618e-12	2.095574825e-10	4.63920677e-13	2.291943084e-14	1	1	1	1	1	1	1	0	0	0	0	0	0	0	0	0	0	7.411842974e-08	0.04727258192	78.67283836	21.27988906
66.903	1782300421.783	06/24/2026_13:27:01.783	1	3	2.561643305e-05	4.268320026e-06	1.477741676e-13	9.276351117e-14	1.409642403e-10	4.143446925e-13	4.839422613e-11	1.808683303e-12	6.848732085e-12	8.863363602e-14	9.158669934e-10	6.536900361e-12	2.084441092e-10	4.812431378e-13	2.366664942e-14	1	1	1	1	1	1	1	0	0	0	0	0	0	0	0	0	0	9.657180464e-08	0.04920301374	78.72658983	21.22420715
68.769	1782300423.649	06/24/2026_13:27:03.649	1	3	2.561990914e-05	4.213057309e-06	1.375734379e-13	6.572064941e-14	1.405578431e-10	4.244787302e-13	4.839198486e-11	1.861518318e-12	6.775423972e-12	7.829349826e-14	9.101617793e-10	6.493309362e-12	2.079868083e-10	4.753674125e-13	2.433024214e-14	1	1	1	1	1	1	1	0	0	0	0	0	0	0	0	0	0	8.4632042e-08	0.04886012568	78.65844568	21.29269419
70.635	1782300425.515	06/24/2026_13:27:05.515	1	3	2.562718691e-05	4.273229479e-06	1.392699703e-13	1.093811118e-13	1.400664584e-10	4.189469952e-13	4.827151873e-11	1.875361628e-12	6.617736307e-12	6.491220728e-14	9.074722085e-10	6.463344616e-12	2.07391021e-10	4.795331883e-13	2.417094235e-14	1	1	1	1	1	1	1	0	0	0	0	0	0	0	0	0	0	6.918065811e-08	0.04943637962	78.65604588	21.29451774
72.502	1782300427.382	06/24/2026_13:27:07.382	1	3	2.564755596e-05	4.227616955e-06	1.612674837e-13	1.218922424e-13	1.40247633e-10	3.989049217e-13	4.820164753e-11	1.81536253e-12	6.735776433e-12	1.107212331e-13	9.181360117e-10	6.558808184e-12	2.092380991e-10	4.704669271e-13	3.019053445e-14	1	1	1	1	1	1	1	0	0	0	0	0	0	0	0	0	0	1.220763648e-07	0.04800761022	78.70892743	21.24306496
74.368	1782300429.248	06/24/2026_13:27:09.248	1	3	2.561815745e-05	4.276510026e-06	1.144797419e-13	6.9867472e-14	1.410235956e-10	4.474190658e-13	4.845689128e-11	1.764831445e-12	6.533829033e-12	9.083547445e-14	9.127592016e-10	6.500813776e-12	2.076323002e-10	4.795182806e-13	2.497242864e-14	1	1	1	1	1	1	1	0	0	0	0	0	0	0	0	0	0	9.911426866e-08	0.04919906359	78.73216286	21.21863807
76.235	1782300431.115	06/24/2026_13:27:11.115	1	3	2.557687003e-05	4.324311703e-06	1.140232386e-13	1.038040774e-13	1.404018291e-10	4.51327452e-13	4.825673888e-11	1.755629171e-12	6.358575125e-12	8.020361854e-14	9.070967866e-10	6.418979064e-12	2.070080773e-10	4.807264612e-13	5.405832371e-14	1	1	1	1	1	1	1	0	0	0	0	0	0	0	0	0	0	8.683765892e-08	0.04976468315	78.67966855	21.27056677
78.101	1782300432.981	06/24/2026_13:27:12.981	1	3	2.556147047e-05	4.260149581e-06	1.523281826e-13	8.681559838e-14	1.39715739e-10	4.290581562e-13	4.828402955e-11	1.709648048e-12	6.490346888e-12	4.591903504e-14	9.081231322e-10	6.432535928e-12	2.066977284e-10	4.753510953e-13	1.037894542e-14	1	1	1	1	1	1	1	0	0	0	0	0	0	0	0	0	0	4.724923189e-08	0.04893080776	78.72040528	21.23066391
79.967	1782300434.847	06/24/2026_13:27:14.847	1	3	2.55192972e-05	4.283070211e-06	1.259061215e-13	1.034127889e-13	1.399244887e-10	3.94161239e-13	4.827500552e-11	1.73476782e-12	6.33586586e-12	1.159736912e-13	9.097091969e-10	6.508652558e-12	2.065552313e-10	4.751578905e-13	4.999999912e-15	1	1	1	1	1	1	1	0	0	0	0	0	0	0	0	0	0	1.28141381e-07	0.04881970264	78.76073706	21.19044323
81.834	1782300436.714	06/24/2026_13:27:16.714	1	3	2.556082472e-05	4.206604899e-06	1.547834262e-13	1.349424858e-13	1.393326149e-10	4.084465784e-13	4.807438822e-11	1.710434528e-12	6.340927783e-12	7.416112944e-14	9.067903095e-10	6.458152589e-12	2.065699972e-10	5.16309326e-13	5.49016331e-14	1	1	1	1	1	1	1	0	0	0	0	0	0	0	0	0	0	7.98603935e-08	0.05351507481	78.7052911	21.24119383
83.7	1782300438.580	06/24/2026_13:27:18.580	1	3	2.551834223e-05	4.279788755e-06	1.342390554e-13	1.393207652e-13	1.397229416e-10	3.978665271e-13	4.831377312e-11	1.684517543e-12	6.307683976e-12	1.082251828e-13	9.060688311e-10	6.50503696e-12	2.06830747e-10	6.026759495e-13	4.999999912e-15	1	1	1	1	1	1	1	0	0	0	0	0	0	0	0	0	0	1.191941743e-07	0.06222882932	78.66207575	21.27569542
85.567	1782300440.447	06/24/2026_13:27:20.447	1	3	2.551566104e-05	4.299513876e-06	1.976085447e-13	1.028204011e-13	1.393727772e-10	4.18997275e-13	4.782324189e-11	1.705401662e-12	6.211608485e-12	8.98254046e-14	9.019877067e-10	6.395402003e-12	2.056337323e-10	4.970150268e-13	4.898059836e-14	1	1	1	1	1	1	1	0	0	0	0	0	0	0	0	0	0	9.794794046e-08	0.05173470738	78.69672586	21.25153944
87.433	1782300442.313	06/24/2026_13:27:22.313	1	3	2.546695941e-05	4.261782578e-06	1.391480247e-13	1.347592827e-13	1.389454662e-10	4.213141338e-13	4.788439784e-11	1.653428696e-12	6.168651527e-12	7.375889043e-14	8.980023392e-10	6.407169066e-12	2.049597853e-10	5.766844792e-13	5.929833041e-14	1	1	1	1	1	1	1	0	0	0	0	0	0	0	0	0	0	7.93959279e-08	0.06037329213	78.66744566	21.27218105
89.299	1782300444.179	06/24/2026_13:27:24.179	1	3	2.547477015e-05	4.36594155e-06	1.372647791e-13	8.868590134e-14	1.378978182e-10	4.333696759e-13	4.763317865e-11	1.655603606e-12	6.11994613e-12	8.554368693e-14	8.960019948e-10	6.332102811e-12	2.046184888e-10	5.007501575e-13	3.94897331e-14	1	1	1	1	1	1	1	0	0	0	0	0	0	0	0	0	0	9.300383877e-08	0.05240285772	78.66538634	21.2822108
91.166	1782300446.046	06/24/2026_13:27:26.046	1	3	2.557624975e-05	4.294578503e-06	1.446339522e-13	1.028452836e-13	1.378550746e-10	4.263181334e-13	4.760727229e-11	1.616420864e-12	6.025908071e-12	4.414679817e-14	8.915301275e-10	6.335123398e-12	2.039789726e-10	5.123048795e-13	5.961892899e-14	1	1	1	1	1	1	1	0	0	0	0	0	0	0	0	0	0	4.520282902e-08	0.05397838858	78.6323875	21.31363411
93.032	1782300447.912	06/24/2026_13:27:27.912	1	3	2.551556827e-05	4.296224688e-06	1.484711198e-13	1.064873084e-13	1.383229919e-10	3.963277189e-13	4.780751836e-11	1.589337928e-12	5.996881811e-12	2.731862859e-14	8.930602369e-10	6.311002936e-12	2.043743091e-10	4.485824689e-13	5.619594349e-14	1	1	1	1	1	1	1	0	0	0	0	0	0	0	0	0	0	2.577133255e-08	0.04713563445	78.63266745	21.32019692
94.899	1782300449.779	06/24/2026_13:27:29.779	1	3	2.543995288e-05	4.258517492e-06	1.353646064e-13	8.693309879e-14	1.370189934e-10	4.162483346e-13	4.754816332e-11	1.583662671e-12	5.970436819e-12	3.73864622e-14	8.89919749e-10	6.340640686e-12	2.03409109e-10	4.802435576e-13	7.836667513e-14	1	1	1	1	1	1	1	0	0	0	0	0	0	0	0	0	0	3.739666544e-08	0.05080423775	78.64863856	21.30055721
96.765	1782300451.645	06/24/2026_13:27:31.645	1	3	2.540415335e-05	4.292928679e-06	1.43640308e-13	1.134726536e-13	1.37033232e-10	3.896052589e-13	4.757323702e-11	1.564522708e-12	5.857022766e-12	5.761209787e-15	8.867975798e-10	6.251009693e-12	2.035726449e-10	4.805183486e-13	4.191857636e-14	1	1	1	1	1	1	1	0	0	0	0	0	0	0	0	0	0	8.789694525e-10	0.05074811149	78.57768924	21.37156265
98.631	1782300453.511	06/24/2026_13:27:33.511	1	3	2.534339001e-05	4.256881766e-06	1.361377238e-13	8.307850257e-14	1.365547259e-10	3.949980534e-13	4.742198995e-11	1.525474517e-12	5.833529406e-12	4.999999912e-15	8.858692113e-10	6.25932986e-12	2.035444868e-10	4.696943247e-13	1.067614642e-14	1	1	1	1	1	1	1	0	0	0	0	0	0	0	0	0	0	0	0.04946090208	78.56509601	21.38544309
100.498	1782300455.378	06/24/2026_13:27:35.378	1	3	2.534242412e-05	4.247105608e-06	1.234956825e-13	9.657379741e-14	1.367853053e-10	4.199710241e-13	4.739984447e-11	1.570112963e-12	5.811322343e-12	4.999999912e-15	8.802960583e-10	6.267982227e-12	2.03114886e-10	4.631495925e-13	1.326727272e-14	1	1	1	1	1	1	1	0	0	0	0	0	0	0	0	0	0	0	0.04903746616	78.49639019	21.45457234
102.364	1782300457.244	06/24/2026_13:27:37.244	1	3	2.539661546e-05	4.278153938e-06	1.320292481e-13	9.199688537e-14	1.353530343e-10	3.796867334e-13	4.752953239e-11	1.50277154e-12	5.854607164e-12	4.999999912e-15	8.687768838e-10	6.227247884e-12	2.011169287e-10	5.105088444e-13	4.440168394e-14	1	1	1	1	1	1	1	0	0	0	0	0	0	0	0	0	0	0	0.05495438561	78.42661801	21.51842761
104.231	1782300459.111	06/24/2026_13:27:39.111	1	3	2.537301953e-05	4.269955753e-06	1.060352774e-13	9.497183449e-14	1.346541628e-10	3.792884789e-13	4.710961482e-11	1.578893591e-12	5.798047806e-12	4.999999912e-15	8.815950192e-10	6.187382637e-12	2.031036034e-10	5.86368031e-13	2.513820146e-14	1	1	1	1	1	1	1	0	0	0	0	0	0	0	0	0	0	0	0.06222663222	78.51052112	21.42725225
106.097	1782300460.977	06/24/2026_13:27:40.977	1	3	2.536650027e-05	4.271596936e-06	9.332454514e-14	9.902354544e-14	1.357659957e-10	4.159332655e-13	4.748563001e-11	1.506317423e-12	5.755738768e-12	4.999999912e-15	8.767566673e-10	6.142768585e-12	2.033465618e-10	4.809200998e-13	1.64657479e-14	1	1	1	1	1	1	1	0	0	0	0	0	0	0	0	0	0	0	0.05110733949	78.40544704	21.54344562
107.963	1782300462.843	06/24/2026_13:27:42.843	1	3	2.534542e-05	4.274871571e-06	1.154181324e-13	1.131002843e-13	1.354331786e-10	4.484092405e-13	4.739257944e-11	1.542274229e-12	5.724896685e-12	4.999999912e-15	8.763211823e-10	6.215751004e-12	2.027500806e-10	5.130615442e-13	5.908128668e-14	1	1	1	1	1	1	1	0	0	0	0	0	0	0	0	0	0	0	0.05486267076	78.44229876	21.50283857
109.83	1782300464.710	06/24/2026_13:27:44.710	1	3	2.519819463e-05	4.265049938e-06	1.34114589e-13	1.128877401e-13	1.353255008e-10	3.865710107e-13	4.752797114e-11	1.511519642e-12	5.645797631e-12	4.999999912e-15	8.730995371e-10	6.167174844e-12	2.026886853e-10	4.765841042e-13	6.059713007e-14	1	1	1	1	1	1	1	0	0	0	0	0	0	0	0	0	0	0	0.05110428095	78.38642638	21.56246933
111.696	1782300466.576	06/24/2026_13:27:46.576	1	3	2.530446181e-05	4.322650511e-06	1.308902395e-13	1.246934278e-13	1.350189544e-10	4.667448069e-13	4.730809147e-11	1.54900474e-12	5.755335444e-12	4.999999912e-15	8.783407335e-10	6.127000816e-12	2.030099006e-10	4.663266301e-13	3.866286631e-14	1	1	1	1	1	1	1	0	0	0	0	0	0	0	0	0	0	0	0.04962969933	78.46421612	21.48615418
113.563	1782300468.443	06/24/2026_13:27:48.443	1	3	2.531108657e-05	4.256881766e-06	1.269724343e-13	7.846127177e-14	1.34707176e-10	4.206719337e-13	4.720525706e-11	1.470530078e-12	5.673920535e-12	4.999999912e-15	8.652397687e-10	6.119442626e-12	2.00504266e-10	4.993666613e-13	6.180631365e-14	1	1	1	1	1	1	1	0	0	0	0	0	0	0	0	0	0	0	0.05406460495	78.41308439	21.53285101
115.429	1782300470.309	06/24/2026_13:27:50.309	1	3	2.525460332e-05	4.268320026e-06	1.37155749e-13	1.017869261e-13	1.338017752e-10	4.469207936e-13	4.663097339e-11	1.476702983e-12	5.642148207e-12	4.999999912e-15	8.662642825e-10	6.125113437e-12	2.015316802e-10	4.900913117e-13	7.346318784e-14	1	1	1	1	1	1	1	0	0	0	0	0	0	0	0	0	0	0	0.05303693795	78.35918159	21.58778147
117.295	1782300472.175	06/24/2026_13:27:52.175	1	3	2.523408875e-05	4.263420578e-06	1.216612396e-13	8.912795767e-14	1.339681838e-10	4.052012903e-13	4.674845233e-11	1.482359591e-12	5.553825195e-12	4.999999912e-15	8.643878946e-10	6.150328077e-12	2.01451078e-10	5.01952863e-13	6.706075718e-14	1	1	1	1	1	1	1	0	0	0	0	0	0	0	0	0	0	0	0.05437675454	78.32694918	21.61867406
119.162	1782300474.042	06/24/2026_13:27:54.042	1	3	2.523003423e-05	4.256881766e-06	1.239412354e-13	7.521500106e-14	1.340475092e-10	4.029730651e-13	4.666770095e-11	1.498733863e-12	5.575897816e-12	4.999999912e-15	8.629679193e-10	6.068986893e-12	2.004298116e-10	4.901983225e-13	7.651727694e-14	1	1	1	1	1	1	1	0	0	0	0	0	0	0	0	0	0	0	0.05328009758	78.38426082	21.56245908
121.028	1782300475.908	06/24/2026_13:27:55.908	1	3	2.527991455e-05	4.261782578e-06	8.31999671e-14	4.863959983e-14	1.341789457e-10	4.77529908e-13	4.727515948e-11	1.484599661e-12	5.53631186e-12	4.999999912e-15	8.66154537e-10	6.080480303e-12	2.011088379e-10	4.00814527e-13	5.693918102e-14	1	1	1	1	1	1	1	0	0	0	0	0	0	0	0	0	0	0	0.04327076423	78.3877585	21.56897073
122.895	1782300477.775	06/24/2026_13:27:57.775	1	3	2.524187948e-05	4.261782578e-06	3.904070399e-14	4.640438831e-14	1.334753141e-10	4.085038243e-13	4.657463998e-11	1.41564939e-12	5.519628591e-12	4.999999912e-15	8.613890157e-10	5.983776408e-12	1.991158349e-10	4.570667846e-13	3.96301305e-14	1	1	1	1	1	1	1	0	0	0	0	0	0	0	0	0	0	0	0.04959220849	78.46278006	21.48762773
124.761	1782300479.641	06/24/2026_13:27:59.641	1	3	2.52783575e-05	4.312723377e-06	1.820642297e-13	6.88449406e-14	1.334596045e-10	3.491551666e-13	4.680663496e-11	1.443828564e-12	5.495660784e-12	4.999999912e-15	8.621948155e-10	6.033668357e-12	2.00989031e-10	3.881042623e-13	2.508492817e-14	1	1	1	1	1	1	1	0	0	0	0	0	0	0	0	0	0	0	0.04186126035	78.32914112	21.62899762
126.627	1782300481.507	06/24/2026_13:28:01.507	1	3	2.520403723e-05	4.278153938e-06	4.867344388e-14	8.22421829e-14	1.332420008e-10	4.215654789e-13	4.664509404e-11	1.461785987e-12	5.47780701e-12	4.999999912e-15	8.58324356e-10	6.021362228e-12	1.999814481e-10	4.685115685e-13	9.911498434e-15	1	1	1	1	1	1	1	0	0	0	0	0	0	0	0	0	0	0	0.05075651938	78.33104838	21.61819511
128.494	1782300483.374	06/24/2026_13:28:03.374	1	3	2.521432907e-05	4.265049938e-06	4.719642849e-14	5.835944521e-14	1.332573912e-10	4.525222157e-13	4.696228129e-11	1.436740484e-12	5.484143521e-12	4.999999912e-15	8.633390114e-10	5.989339667e-12	2.007572858e-10	4.678310148e-13	4.394271066e-14	1	1	1	1	1	1	1	0	0	0	0	0	0	0	0	0	0	0	0.05061694592	78.35940462	21.58997843
130.36	1782300485.240	06/24/2026_13:28:05.240	1	3	2.531654354e-05	4.261782578e-06	4.150041652e-14	7.238889935e-14	1.334012623e-10	3.894260131e-13	4.673395351e-11	1.398913212e-12	5.379489389e-12	4.999999912e-15	8.61460403e-10	5.95206523e-12	1.995882903e-10	4.165509897e-13	3.6231526e-14	1	1	1	1	1	1	1	0	0	0	0	0	0	0	0	0	0	0	0.04512176314	78.42637161	21.52850663
132.227	1782300487.107	06/24/2026_13:28:07.107	1	3	2.530225902e-05	4.253624866e-06	6.467076223e-14	2.393348174e-14	1.324480525e-10	4.227198832e-13	4.635063861e-11	1.420657862e-12	5.440422418e-12	4.999999912e-15	8.571203192e-10	5.984300295e-12	1.991670301e-10	4.107643858e-13	2.447112405e-14	1	1	1	1	1	1	1	0	0	0	0	0	0	0	0	0	0	0	0.04462090825	78.38160196	21.57377714
134.093	1782300488.973	06/24/2026_13:28:08.973	1	3	2.516733548e-05	4.260149581e-06	4.241540861e-14	8.974773507e-14	1.323340326e-10	3.8184229e-13	4.64618552e-11	1.452345839e-12	5.444041919e-12	4.999999912e-15	8.597810242e-10	5.965473775e-12	1.989396287e-10	4.210462816e-13	4.999999912e-15	1	1	1	1	1	1	1	0	0	0	0	0	0	0	0	0	0	0	0.04553170294	78.44813905	21.50632925
135.959	1782300490.839	06/24/2026_13:28:10.839	1	3	2.524549018e-05	4.255255135e-06	2.75839769e-14	6.382097812e-14	1.334682642e-10	3.826422415e-13	4.655805949e-11	1.414957452e-12	5.415494008e-12	4.999999912e-15	8.568163956e-10	5.992275252e-12	2.000523774e-10	4.387720656e-13	2.515861665e-14	1	1	1	1	1	1	1	0	0	0	0	0	0	0	0	0	0	0	0.04765590233	78.30086015	21.65148395
137.826	1782300492.706	06/24/2026_13:28:12.706	1	3	2.521652095e-05	4.324311703e-06	8.737715412e-14	7.656856648e-14	1.325599075e-10	3.870145307e-13	4.646866919e-11	1.423411736e-12	5.451284823e-12	4.999999912e-15	8.569835397e-10	5.960000722e-12	1.98676367e-10	4.105791228e-13	2.332216451e-14	1	1	1	1	1	1	1	0	0	0	0	0	0	0	0	0	0	0	0.04461975666	78.41680547	21.53857477
139.692	1782300494.572	06/24/2026_13:28:14.572	1	3	2.520456292e-05	4.337588507e-06	6.942291522e-14	8.286394574e-14	1.331580263e-10	3.745920403e-13	4.648358087e-11	1.432514589e-12	5.519241314e-12	4.999999912e-15	8.620100744e-10	5.924419809e-12	2.000188626e-10	3.879415235e-13	3.587011398e-14	1	1	1	1	1	1	1	0	0	0	0	0	0	0	0	0	0	0	0.04196206275	78.40867224	21.54936569
141.559	1782300496.439	06/24/2026_13:28:16.439	1	3	2.52511345e-05	4.232484116e-06	3.741732469e-14	5.723438216e-14	1.327341431e-10	4.114523392e-13	4.633858575e-11	1.486583426e-12	5.411373172e-12	4.999999912e-15	8.510428473e-10	5.894979383e-12	1.981316083e-10	3.991224668e-13	1.365358496e-14	1	1	1	1	1	1	1	0	0	0	0	0	0	0	0	0	0	0	0.04356098487	78.34964869	21.60679033
143.425	1782300498.305	06/24/2026_13:28:18.305	1	3	2.517802204e-05	4.258517492e-06	3.862850388e-14	8.931015785e-14	1.32519426e-10	3.844154812e-13	4.64742099e-11	1.450992213e-12	5.447076817e-12	4.999999912e-15	8.509706828e-10	5.884636962e-12	1.985295123e-10	3.987048051e-13	4.999999912e-15	1	1	1	1	1	1	1	0	0	0	0	0	0	0	0	0	0	0	0.04344678494	78.31276594	21.64378728
145.291	1782300500.171	06/24/2026_13:28:20.171	1	3	2.519767804e-05	4.268320026e-06	5.748626943e-14	6.64071459e-14	1.316430437e-10	4.231062386e-13	4.592979816e-11	1.44995333e-12	5.459208172e-12	4.999999912e-15	8.504407734e-10	5.937072015e-12	1.979030689e-10	4.044321573e-13	3.700014064e-14	1	1	1	1	1	1	1	0	0	0	0	0	0	0	0	0	0	0	0.0443349045	78.36042678	21.59523832
147.158	1782300502.038	06/24/2026_13:28:22.038	1	3	2.514097469e-05	4.273229479e-06	3.481424675e-14	6.839093094e-14	1.320279719e-10	3.754557971e-13	4.627967107e-11	1.429826093e-12	5.417706648e-12	4.999999912e-15	8.504654203e-10	5.816086762e-12	1.974796993e-10	4.216810278e-13	3.309777176e-14	1	1	1	1	1	1	1	0	0	0	0	0	0	0	0	0	0	0	0.04622927845	78.38847803	21.56529269
149.024	1782300503.904	06/24/2026_13:28:23.904	1	3	2.507564204e-05	4.242226169e-06	2.747593616e-14	6.941992012e-14	1.315929865e-10	4.936626737e-13	4.644118076e-11	1.488637555e-12	5.484049413e-12	4.999999912e-15	8.500838367e-10	5.902103025e-12	1.979440084e-10	4.066085576e-13	1.9080769e-14	1	1	1	1	1	1	1	0	0	0	0	0	0	0	0	0	0	0	0.04447304769	78.34024008	21.61528687
150.891	1782300505.771	06/24/2026_13:28:25.771	1	3	2.505458178e-05	4.255255135e-06	8.333637328e-14	3.510397268e-14	1.315245968e-10	4.684587679e-13	4.599725809e-11	1.452975327e-12	5.409067291e-12	4.999999912e-15	8.489046133e-10	5.847826563e-12	1.970663632e-10	4.229145246e-13	1.400396048e-13	1	1	1	1	1	1	1	0	0	0	0	0	0	0	0	0	0	0	0.04711229721	78.39498218	21.55790552
152.757	1782300507.637	06/24/2026_13:28:27.637	1	3	2.505329576e-05	4.245478522e-06	1.295016137e-14	4.862165629e-14	1.323553628e-10	4.373083926e-13	4.622257438e-11	1.369427141e-12	5.356040698e-12	4.999999912e-15	8.442081478e-10	5.806034039e-12	1.963844504e-10	3.712502853e-13	1.003495518e-14	1	1	1	1	1	1	1	0	0	0	0	0	0	0	0	0	0	0	0.04079173495	78.36211097	21.5970973
154.623	1782300509.503	06/24/2026_13:28:29.503	1	3	2.509738806e-05	4.273229479e-06	1.264898017e-14	6.093737982e-15	1.317239651e-10	4.077236595e-13	4.60006512e-11	1.437370405e-12	5.393716723e-12	4.999999912e-15	8.44689485e-10	5.822694757e-12	1.968348401e-10	3.853219827e-13	4.999999912e-15	1	1	1	1	1	1	1	0	0	0	0	0	0	0	0	0	0	0	0.04229363659	78.3357701	21.62193627
156.49	1782300511.370	06/24/2026_13:28:31.370	1	3	2.509640944e-05	4.283070211e-06	4.999999912e-15	7.830616309e-15	1.309580916e-10	4.008264803e-13	4.583311508e-11	1.459454085e-12	5.42012225e-12	4.999999912e-15	8.441225496e-10	5.773614659e-12	1.975801328e-10	3.697946355e-13	4.999999912e-15	1	1	1	1	1	1	1	0	0	0	0	0	0	0	0	0	0	0	0.04056275278	78.265797	21.69364025
158.356	1782300513.236	06/24/2026_13:28:33.236	1	3	2.501390736e-05	4.268320026e-06	4.999999912e-15	4.999999912e-15	1.314061221e-10	3.943822807e-13	4.598830691e-11	1.474463997e-12	5.4430206e-12	4.999999912e-15	8.463051371e-10	5.762909681e-12	1.960479695e-10	3.788344963e-13	8.718199096e-14	1	1	1	1	1	1	1	0	0	0	0	0	0	0	0	0	0	0	0.04205285469	78.4314423	21.52650485
160.223	1782300515.103	06/24/2026_13:28:35.103	1	3	2.501167728e-05	4.284711849e-06	4.999999912e-15	1.933963243e-14	1.310924563e-10	3.782450156e-13	4.574338131e-11	1.443005763e-12	5.453774151e-12	4.999999912e-15	8.418527542e-10	5.782726728e-12	1.955608037e-10	3.221511328e-13	6.782714581e-15	1	1	1	1	1	1	1	0	0	0	0	0	0	0	0	0	0	0	0.03542589065	78.39315589	21.57141822
162.089	1782300516.969	06/24/2026_13:28:36.969	1	3	2.501755989e-05	4.247105608e-06	1.190724019e-14	3.062112535e-14	1.301717345e-10	3.859661885e-13	4.558221162e-11	1.482762372e-12	5.377766375e-12	4.999999912e-15	8.38623504e-10	5.783545951e-12	1.95107111e-10	3.42795589e-13	4.999999912e-15	1	1	1	1	1	1	1	0	0	0	0	0	0	0	0	0	0	0	0.03785501033	78.3653728	21.59677219
163.955	1782300518.835	06/24/2026_13:28:38.835	1	3	2.499024049e-05	4.238971542e-06	4.999999912e-15	2.185459523e-14	1.298836455e-10	4.096931128e-13	4.559973232e-11	1.663627786e-12	5.412079205e-12	4.999999912e-15	8.453105438e-10	5.655781832e-12	1.953062018e-10	3.660764183e-13	4.999999912e-15	1	1	1	1	1	1	1	0	0	0	0	0	0	0	0	0	0	0	0.0402099668	78.47730208	21.48248795
165.822	1782300520.702	06/24/2026_13:28:40.702	1	3	2.507845966e-05	4.2341062e-06	4.999999912e-15	2.426402449e-14	1.297745938e-10	4.273475833e-13	4.59122601e-11	1.432792687e-12	5.365865738e-12	4.999999912e-15	8.427392673e-10	5.742285987e-12	1.950476447e-10	3.375256888e-13	4.999999912e-15	1	1	1	1	1	1	1	0	0	0	0	0	0	0	0	0	0	0	0.03712626876	78.44441148	21.51846225
167.688	1782300522.568	06/24/2026_13:28:42.568	1	3	2.508611396e-05	4.265049938e-06	4.999999912e-15	3.097658442e-14	1.30233227e-10	4.008100546e-13	4.600802031e-11	1.437015871e-12	5.427027317e-12	4.999999912e-15	8.433110876e-10	5.756971289e-12	1.955011986e-10	3.617613479e-13	4.999999912e-15	1	1	1	1	1	1	1	0	0	0	0	0	0	0	0	0	0	0	0.03978796527	78.41570872	21.54450332
169.555	1782300524.435	06/24/2026_13:28:44.435	1	3	2.496572961e-05	4.235728738e-06	4.999999912e-15	1.648216679e-14	1.296002611e-10	4.17403281e-13	4.552391797e-11	1.471423135e-12	5.444361108e-12	4.999999912e-15	8.343961078e-10	5.706283536e-12	1.940040489e-10	3.212730104e-13	8.935272634e-15	1	1	1	1	1	1	1	0	0	0	0	0	0	0	0	0	0	0	0.03565096872	78.37419527	21.59015376
171.421	1782300526.301	06/24/2026_13:28:46.301	1	3	2.492351814e-05	4.258517492e-06	3.955743814e-14	2.666201881e-14	1.300804742e-10	3.99713357e-13	4.54085658e-11	1.455401771e-12	5.453720375e-12	4.999999912e-15	8.367329607e-10	5.768551869e-12	1.944865241e-10	3.628032662e-13	2.096699618e-14	1	1	1	1	1	1	1	0	0	0	0	0	0	0	0	0	0	0	0.04029348297	78.38048982	21.57921669
173.287	1782300528.167	06/24/2026_13:28:48.167	1	3	2.50000794e-05	4.287996489e-06	4.668317057e-14	1.001048067e-13	1.303553376e-10	4.277235033e-13	4.555775895e-11	1.432288316e-12	5.38679561e-12	4.999999912e-15	8.374178018e-10	5.711872815e-12	1.947822736e-10	3.23660017e-13	4.999999912e-15	1	1	1	1	1	1	1	0	0	0	0	0	0	0	0	0	0	0	0.03576234946	78.3710595	21.59317815
175.154	1782300530.034	06/24/2026_13:28:50.034	1	3	2.506678902e-05	4.232484116e-06	4.999999912e-15	1.247376632e-14	1.298196967e-10	4.039124178e-13	4.576689028e-11	1.453543557e-12	5.406325995e-12	4.999999912e-15	8.384760108e-10	5.77574143e-12	1.954789386e-10	3.812200122e-13	4.999999912e-15	1	1	1	1	1	1	1	0	0	0	0	0	0	0	0	0	0	0	0.04214853046	78.32378947	21.634062
177.02	1782300531.900	06/24/2026_13:28:51.900	1	3	2.498657705e-05	4.260149581e-06	4.999999912e-15	4.999999912e-15	1.300197588e-10	4.134271864e-13	4.569003509e-11	1.467877035e-12	5.378150616e-12	4.999999912e-15	8.393851725e-10	5.707428887e-12	1.941295874e-10	3.659952658e-13	4.999999912e-15	1	1	1	1	1	1	1	0	0	0	0	0	0	0	0	0	0	0	0.04046713019	78.45669885	21.50283402
178.887	1782300533.767	06/24/2026_13:28:53.767	1	3	2.497469541e-05	4.316029845e-06	4.999999912e-15	4.999999912e-15	1.293168211e-10	3.947232894e-13	4.546544044e-11	1.451025064e-12	5.333033494e-12	4.999999912e-15	8.364792747e-10	5.737953515e-12	1.944785721e-10	3.63779021e-13	4.999999912e-15	1	1	1	1	1	1	1	0	0	0	0	0	0	0	0	0	0	0	0.04031725817	78.37273935	21.58694339
180.753	1782300535.633	06/24/2026_13:28:55.633	1	3	2.499537732e-05	4.263420578e-06	4.999999912e-15	1.100420482e-14	1.297390112e-10	3.841551101e-13	4.538835627e-11	1.387831798e-12	5.333553477e-12	4.999999912e-15	8.333756463e-10	5.682068531e-12	1.937990324e-10	3.31569841e-13	4.999999912e-15	1	1	1	1	1	1	1	0	0	0	0	0	0	0	0	0	0	0	0.03682897761	78.37306414	21.59010688
182.619	1782300537.499	06/24/2026_13:28:57.499	1	3	2.49862278e-05	4.309419637e-06	4.999999912e-15	3.358863074e-14	1.297469771e-10	3.914108078e-13	4.547277832e-11	1.407246064e-12	5.326519607e-12	4.999999912e-15	8.348610692e-10	5.735808096e-12	1.940141936e-10	3.836050401e-13	4.999999912e-15	1	1	1	1	1	1	1	0	0	0	0	0	0	0	0	0	0	0	0.04262581266	78.37853278	21.57884141
184.486	1782300539.366	06/24/2026_13:28:59.366	1	3	2.501169183e-05	4.265049938e-06	4.999999912e-15	4.999999912e-15	1.288989193e-10	3.656183971e-13	4.54774586e-11	1.451402908e-12	5.543940741e-12	4.999999912e-15	8.414832164e-10	5.600372596e-12	1.946476591e-10	3.91508901e-13	4.999999912e-15	1	1	1	1	1	1	1	0	0	0	0	0	0	0	0	0	0	0	0.04322825823	78.45368099	21.50309076
186.352	1782300541.232	06/24/2026_13:29:01.232	1	3	2.495161425e-05	4.291283858e-06	4.999999912e-15	7.621555026e-15	1.291554086e-10	3.679606533e-13	4.525610442e-11	1.406333058e-12	5.27159089e-12	4.999999912e-15	8.307219912e-10	5.705420077e-12	1.925768017e-10	3.845598156e-13	4.999999912e-15	1	1	1	1	1	1	1	0	0	0	0	0	0	0	0	0	0	0	0.04296791712	78.41816541	21.53886667
188.219	1782300543.099	06/24/2026_13:29:03.099	1	3	2.499752918e-05	4.238971542e-06	4.999999912e-15	1.964529613e-14	1.286126761e-10	3.855400157e-13	4.494162334e-11	1.430937725e-12	5.323129524e-12	4.999999912e-15	8.301980214e-10	5.658028733e-12	1.926499793e-10	3.154873281e-13	4.999999912e-15	1	1	1	1	1	1	1	0	0	0	0	0	0	0	0	0	0	0	0.03517101048	78.41217397	21.55265502
190.085	1782300544.965	06/24/2026_13:29:04.965	1	3	2.496228626e-05	4.245478522e-06	4.999999912e-15	4.999999912e-15	1.284135437e-10	4.174779283e-13	4.522435204e-11	1.417865174e-12	5.351602841e-12	4.999999912e-15	8.274329e-10	5.732822637e-12	1.922204063e-10	3.321203989e-13	2.001367415e-14	1	1	1	1	1	1	1	0	0	0	0	0	0	0	0	0	0	0	0.03725926477	78.38519513	21.57754561
191.951	1782300546.831	06/24/2026_13:29:06.831	1	3	2.493070679e-05	4.253624866e-06	4.880934524e-14	4.999999912e-15	1.289423013e-10	2.767771906e-13	4.498630982e-11	1.418109987e-12	5.35356438e-12	4.999999912e-15	8.282540209e-10	5.665427329e-12	1.924235493e-10	3.651296117e-13	3.540416116e-14	1	1	1	1	1	1	1	0	0	0	0	0	0	0	0	0	0	0	0.04106387978	78.38781998	21.57111614
193.818	1782300548.698	06/24/2026_13:29:08.698	1	3	2.490646511e-05	4.260149581e-06	4.999999912e-15	4.999999912e-15	1.291329266e-10	3.78863824e-13	4.50791314e-11	1.425547831e-12	5.300531715e-12	4.999999912e-15	8.269945839e-10	5.613558663e-12	1.919374382e-10	3.321367703e-13	6.313299764e-14	1	1	1	1	1	1	1	0	0	0	0	0	0	0	0	0	0	0	0.03755627302	78.40490538	21.55753834
195.684	1782300550.564	06/24/2026_13:29:10.564	1	3	2.488964856e-05	4.344246918e-06	4.999999912e-15	1.724582798e-14	1.286412227e-10	3.7568928e-13	4.513817445e-11	1.43856216e-12	5.352168361e-12	4.999999912e-15	8.237321381e-10	5.608161505e-12	1.91552052e-10	3.772544072e-13	4.999999912e-15	1	1	1	1	1	1	1	0	0	0	0	0	0	0	0	0	0	0	0.04246615251	78.36535523	21.59217862
197.551	1782300552.431	06/24/2026_13:29:12.431	1	3	2.488954487e-05	4.253624866e-06	4.999999912e-15	2.123283916e-14	1.283849971e-10	4.154314154e-13	4.498205627e-11	1.428933035e-12	5.250243816e-12	4.999999912e-15	8.211101798e-10	5.592570244e-12	1.91291441e-10	3.446977404e-13	4.999999912e-15	1	1	1	1	1	1	1	0	0	0	0	0	0	0	0	0	0	0	0.03886223454	78.33955606	21.6215817
199.417	1782300554.297	06/24/2026_13:29:14.297	1	3	2.49815148e-05	4.307768904e-06	4.999999912e-15	4.153227512e-14	1.279193002e-10	3.886972124e-13	4.503020179e-11	1.407248667e-12	5.26772766e-12	4.999999912e-15	8.208266289e-10	5.682560325e-12	1.912522224e-10	2.743548661e-13	4.999999912e-15	1	1	1	1	1	1	1	0	0	0	0	0	0	0	0	0	0	0	0.0308284364	78.34107581	21.62809576
201.283	1782300556.163	06/24/2026_13:29:16.163	1	3	2.482246418e-05	4.256881766e-06	4.999999912e-15	4.999999912e-15	1.277978973e-10	3.960618996e-13	4.473877518e-11	1.481643367e-12	5.340569566e-12	4.999999912e-15	8.246199834e-10	5.624635306e-12	1.913653819e-10	3.008117843e-13	4.999999912e-15	1	1	1	1	1	1	1	0	0	0	0	0	0	0	0	0	0	0	0.03373485544	78.41096805	21.55529709
203.15	1782300558.030	06/24/2026_13:29:18.030	1	3	2.47576354e-05	4.276510026e-06	4.999999912e-15	4.999999912e-15	1.277596778e-10	3.903300209e-13	4.49668705e-11	1.447714995e-12	5.27644985e-12	4.999999912e-15	8.220733538e-10	5.631404197e-12	1.908470326e-10	3.199308765e-13	4.999999912e-15	1	1	1	1	1	1	1	0	0	0	0	0	0	0	0	0	0	0	0.03601800872	78.3971061	21.56687589
205.016	1782300559.896	06/24/2026_13:29:19.896	1	3	2.481054617e-05	4.258517492e-06	4.999999912e-15	1.161551866e-14	1.27875141e-10	3.629819969e-13	4.455553634e-11	1.433334137e-12	5.333750368e-12	4.999999912e-15	8.207048374e-10	5.604554581e-12	1.907675268e-10	3.332962704e-13	4.999999912e-15	1	1	1	1	1	1	1	0	0	0	0	0	0	0	0	0	0	0	0.03760049399	78.38337133	21.57902817
206.883	1782300561.763	06/24/2026_13:29:21.763	1	3	2.483542812e-05	4.2341062e-06	4.999999912e-15	4.999999912e-15	1.271290573e-10	4.214564895e-13	4.468236198e-11	1.424412237e-12	5.273485208e-12	4.999999912e-15	8.168293819e-10	5.619232944e-12	1.899375796e-10	3.37222058e-13	4.999999912e-15	1	1	1	1	1	1	1	0	0	0	0	0	0	0	0	0	0	0	0.0382254324	78.37000479	21.59176978
208.749	1782300563.629	06/24/2026_13:29:23.629	1	3	2.478295391e-05	4.242226169e-06	4.999999912e-15	4.999999912e-15	1.269546135e-10	3.85629625e-13	4.429237532e-11	1.436813992e-12	5.277292492e-12	4.999999912e-15	8.179952826e-10	5.533485128e-12	1.901789143e-10	3.051985205e-13	4.999999912e-15	1	1	1	1	1	1	1	0	0	0	0	0	0	0	0	0	0	0	0.03449950973	78.38319786	21.58230263
210.615	1782300565.495	06/24/2026_13:29:25.495	1	3	2.483711251e-05	4.253624866e-06	4.999999912e-15	4.999999912e-15	1.27975644e-10	3.727133077e-13	4.487259522e-11	1.434586607e-12	5.248705116e-12	4.999999912e-15	8.158236864e-10	5.53782107e-12	1.897195456e-10	3.113783645e-13	4.999999912e-15	1	1	1	1	1	1	1	0	0	0	0	0	0	0	0	0	0	0	0.03528866095	78.36926521	21.59544613
212.482	1782300567.362	06/24/2026_13:29:27.362	1	3	2.488674727e-05	4.214672117e-06	4.999999912e-15	4.999999912e-15	1.268552347e-10	3.875980212e-13	4.468164033e-11	1.439347664e-12	5.292013355e-12	4.999999912e-15	8.172632571e-10	5.563757354e-12	1.901064306e-10	2.737376027e-13	4.999999912e-15	1	1	1	1	1	1	1	0	0	0	0	0	0	0	0	0	0	0	0.03090613596	78.36939254	21.59970132
214.348	1782300569.228	06/24/2026_13:29:29.228	1	3	2.472917731e-05	4.273229479e-06	4.999999912e-15	4.999999912e-15	1.26614233e-10	3.535523924e-13	4.442657353e-11	1.481356487e-12	5.268373845e-12	4.999999912e-15	8.143636321e-10	5.61320955e-12	1.892838386e-10	3.001068903e-13	4.999999912e-15	1	1	1	1	1	1	1	0	0	0	0	0	0	0	0	0	0	0	0.03406407063	78.38221314	21.58372279
216.215	1782300571.095	06/24/2026_13:29:31.095	1	3	2.470115396e-05	4.256881766e-06	4.999999912e-15	4.999999912e-15	1.269017252e-10	3.674260061e-13	4.465107797e-11	1.456241161e-12	5.308552209e-12	4.999999912e-15	8.195907286e-10	5.600073356e-12	1.896731383e-10	2.430118552e-13	4.999999912e-15	1	1	1	1	1	1	1	0	0	0	0	0	0	0	0	0	0	0	0.02732663207	78.45675865	21.51591471
218.081	1782300572.961	06/24/2026_13:29:32.961	1	3	2.474391113e-05	4.255255135e-06	4.999999912e-15	4.999999912e-15	1.265899052e-10	3.896460249e-13	4.451250826e-11	1.447146439e-12	5.324814808e-12	4.999999912e-15	8.098137161e-10	5.53582527e-12	1.875553046e-10	2.930219273e-13	4.999999912e-15	1	1	1	1	1	1	1	0	0	0	0	0	0	0	0	0	0	0	0.0334521226	78.43590713	21.53064075
219.947	1782300574.827	06/24/2026_13:29:34.827	1	3	2.477528506e-05	4.260149581e-06	4.792920347e-14	4.999999912e-15	1.267365657e-10	4.015538444e-13	4.44207518e-11	1.482451748e-12	5.303277349e-12	4.999999912e-15	8.164040555e-10	5.63567075e-12	1.8967862e-10	3.297050133e-13	4.999999912e-15	1	1	1	1	1	1	1	0	0	0	0	0	0	0	0	0	0	0	0.03739078781	78.38795919	21.57465002
221.814	1782300576.694	06/24/2026_13:29:36.694	1	3	2.475716065e-05	4.2341062e-06	4.999999912e-15	4.999999912e-15	1.266802774e-10	4.124226188e-13	4.445156049e-11	1.52142513e-12	5.377539559e-12	4.999999912e-15	8.155034981e-10	5.513562697e-12	1.896800911e-10	2.687170961e-13	4.999999912e-15	1	1	1	1	1	1	1	0	0	0	0	0	0	0	0	0	0	0	0.03039566136	78.37425712	21.59534722
223.68	1782300578.560	06/24/2026_13:29:38.560	1	3	2.466061051e-05	4.243856438e-06	4.999999912e-15	4.999999912e-15	1.259572308e-10	3.864948455e-13	4.439150783e-11	1.481076871e-12	5.273928429e-12	4.999999912e-15	8.115068617e-10	5.560598856e-12	1.883306427e-10	3.025352321e-13	4.999999912e-15	1	1	1	1	1	1	1	0	0	0	0	0	0	0	0	0	0	0	0.0344762791	78.40371502	21.5618087
225.547	1782300580.427	06/24/2026_13:29:40.427	1	3	2.465739635e-05	4.248733603e-06	4.999999912e-15	2.597054855e-14	1.260092863e-10	3.926976474e-13	4.411849705e-11	1.528857119e-12	5.286726786e-12	4.999999912e-15	8.059505285e-10	5.473459359e-12	1.864893795e-10	3.256637039e-13	4.999999912e-15	1	1	1	1	1	1	1	0	0	0	0	0	0	0	0	0	0	0	0.03742936467	78.45142827	21.51114236
227.413	1782300582.293	06/24/2026_13:29:42.293	1	3	2.471774678e-05	4.258517492e-06	4.999999912e-15	4.999999912e-15	1.2624575e-10	4.011705248e-13	4.410238841e-11	1.448886042e-12	5.330051071e-12	2.071160727e-14	8.102171711e-10	5.56603201e-12	1.878614625e-10	4.097648056e-13	4.999999912e-15	1	1	1	1	1	1	1	0	0	0	0	0	0	0	0	0	0	1.814220148e-08	0.04697827055	78.4143573	21.53866443
229.279	1782300584.159	06/24/2026_13:29:44.159	1	3	2.470723666e-05	4.198552688e-06	4.999999912e-15	4.999999912e-15	1.274538253e-10	3.823754193e-13	4.449694779e-11	1.395295663e-12	5.222046753e-12	4.999999912e-15	8.066097235e-10	5.587570771e-12	1.876860889e-10	3.127369511e-13	4.999999912e-15	1	1	1	1	1	1	1	0	0	0	0	0	0	0	0	0	0	0	0.03584054382	78.36016531	21.60399414
231.146	1782300586.026	06/24/2026_13:29:46.026	1	3	2.469171341e-05	4.273229479e-06	4.999999912e-15	4.999999912e-15	1.263124189e-10	3.858113644e-13	4.433094863e-11	1.479397442e-12	5.322118614e-12	4.999999912e-15	8.094820925e-10	5.558517622e-12	1.880689215e-10	2.934684559e-13	4.999999912e-15	1	1	1	1	1	1	1	0	0	0	0	0	0	0	0	0	0	0	0.0334985589	78.38781148	21.57868996
233.012	1782300587.892	06/24/2026_13:29:47.892	1	3	2.470124127e-05	4.23085794e-06	4.999999912e-15	4.999999912e-15	1.259338051e-10	4.021730865e-13	4.394705086e-11	1.488530978e-12	5.27689524e-12	4.999999912e-15	8.074353963e-10	5.491832249e-12	1.864662869e-10	3.289105099e-13	4.999999912e-15	1	1	1	1	1	1	1	0	0	0	0	0	0	0	0	0	0	0	0.03775780082	78.48673798	21.47550421
234.879	1782300589.759	06/24/2026_13:29:49.759	1	3	2.469306673e-05	4.211443411e-06	4.999999912e-15	4.999999912e-15	1.2574293e-10	3.971182378e-13	4.418277202e-11	1.460672403e-12	5.227725371e-12	4.999999912e-15	8.071483482e-10	5.549999696e-12	1.869265992e-10	3.066670724e-13	4.999999912e-15	1	1	1	1	1	1	1	0	0	0	0	0	0	0	0	0	0	0	0.0351565376	78.43800272	21.52684075
236.745	1782300591.625	06/24/2026_13:29:51.625	1	3	2.470090658e-05	4.216291927e-06	4.999999912e-15	4.999999912e-15	1.254394366e-10	3.93785834e-13	4.408725121e-11	1.466041806e-12	5.220056592e-12	4.999999912e-15	8.044786504e-10	5.534899362e-12	1.866549693e-10	2.978428051e-13	4.999999912e-15	1	1	1	1	1	1	1	0	0	0	0	0	0	0	0	0	0	0	0.03422793347	78.40829327	21.5574788
238.611	1782300593.491	06/24/2026_13:29:53.491	1	3	2.47088883e-05	4.322650511e-06	4.999999912e-15	4.999999912e-15	1.247179859e-10	4.152890325e-13	4.412677168e-11	1.525781129e-12	5.286171674e-12	4.999999912e-15	8.073969826e-10	5.557102955e-12	1.878888573e-10	3.24973284e-13	4.999999912e-15	1	1	1	1	1	1	1	0	0	0	0	0	0	0	0	0	0	0	0.03724705245	78.3567013	21.60605165
240.478	1782300595.358	06/24/2026_13:29:55.358	1	3	2.47140124e-05	4.217907644e-06	4.999999912e-15	4.999999912e-15	1.259119753e-10	3.647736681e-13	4.429551864e-11	1.458714551e-12	5.261526891e-12	4.999999912e-15	8.062302492e-10	5.58005378e-12	1.873714517e-10	3.277281604e-13	4.999999912e-15	1	1	1	1	1	1	1	0	0	0	0	0	0	0	0	0	0	0	0.03762260725	78.37724609	21.58513131
242.344	1782300597.224	06/24/2026_13:29:57.224	1	3	2.476498776e-05	4.235728738e-06	4.999999912e-15	2.022723148e-14	1.256177939e-10	4.022631837e-13	4.423386657e-11	1.483364213e-12	5.193510986e-12	7.518999664e-15	8.044909738e-10	5.606029096e-12	1.867827559e-10	3.127757385e-13	4.999999912e-15	1	1	1	1	1	1	1	0	0	0	0	0	0	0	0	0	0	2.90869037e-09	0.03596495102	78.3937936	21.57024145
244.211	1782300599.091	06/24/2026_13:29:59.091	1	3	2.464296085e-05	4.306118171e-06	4.999999912e-15	8.392158496e-15	1.254125692e-10	4.156255418e-13	4.424646413e-11	1.556205577e-12	5.245898334e-12	4.999999912e-15	8.046987521e-10	5.510792343e-12	1.862798527e-10	3.141148908e-13	4.999999912e-15	1	1	1	1	1	1	1	0	0	0	0	0	0	0	0	0	0	0	0.03613515058	78.44043064	21.52343421
246.077	1782300600.957	06/24/2026_13:30:00.957	1	3	2.470636355e-05	4.311066732e-06	5.279314109e-15	4.999999912e-15	1.248110781e-10	4.348905405e-13	4.394620431e-11	1.503820722e-12	5.235246698e-12	4.268720116e-14	7.998877116e-10	5.619222102e-12	1.864534499e-10	3.254466737e-13	4.999999912e-15	1	1	1	1	1	1	1	0	0	0	0	0	0	0	0	0	0	4.351743157e-08	0.03763100244	78.32906623	21.63330277
247.943	1782300602.823	06/24/2026_13:30:02.823	1	3	2.463941564e-05	4.248733603e-06	4.999999912e-15	4.999999912e-15	1.248228604e-10	4.028665693e-13	4.39625801e-11	1.486408761e-12	5.249527375e-12	2.044826643e-14	8.026185827e-10	5.629982591e-12	1.851010595e-10	3.273339173e-13	4.999999912e-15	1	1	1	1	1	1	1	0	0	0	0	0	0	0	0	0	0	1.783812166e-08	0.03780985564	78.50218104	21.46000911
249.81	1782300604.690	06/24/2026_13:30:04.690	1	3	2.464170211e-05	4.286358489e-06	1.362470199e-14	4.999999912e-15	1.241353687e-10	4.093844404e-13	4.388794189e-11	1.492118278e-12	5.245842389e-12	1.918032587e-14	7.966383664e-10	5.551835901e-12	1.864405574e-10	3.30124193e-13	4.999999912e-15	1	1	1	1	1	1	1	0	0	0	0	0	0	0	0	0	0	1.637403001e-08	0.03830423616	78.26109035	21.70060542
251.676	1782300606.556	06/24/2026_13:30:06.556	1	3	2.471715015e-05	4.311066732e-06	7.631990471e-15	4.999999912e-15	1.244002401e-10	4.24076979e-13	4.381593699e-11	1.475356838e-12	5.194933893e-12	4.999999912e-15	7.946530101e-10	5.514867209e-12	1.858211501e-10	2.492001831e-13	4.999999912e-15	1	1	1	1	1	1	1	0	0	0	0	0	0	0	0	0	0	0	0.02884729728	78.28312523	21.68802748
253.543	1782300608.423	06/24/2026_13:30:08.423	1	3	2.458569543e-05	4.266688848e-06	1.298451025e-14	4.999999912e-15	1.237410868e-10	4.27963898e-13	4.363328449e-11	1.467602949e-12	5.229455324e-12	4.999999912e-15	7.977771221e-10	5.616265699e-12	1.865997773e-10	3.378830961e-13	4.999999912e-15	1	1	1	1	1	1	1	0	0	0	0	0	0	0	0	0	0	0	0.03917297145	78.27421596	21.68661107
255.409	1782300610.289	06/24/2026_13:30:10.289	1	3	2.465308353e-05	4.307768904e-06	4.999999912e-15	4.999999912e-15	1.246845543e-10	3.866153274e-13	4.379480806e-11	1.478273992e-12	5.213563088e-12	1.283516648e-14	7.979148453e-10	5.559277864e-12	1.85259294e-10	3.243604116e-13	4.999999912e-15	1	1	1	1	1	1	1	0	0	0	0	0	0	0	0	0	0	9.047271057e-09	0.03762642823	78.39439027	21.5679833
257.275	1782300612.155	06/24/2026_13:30:12.155	1	3	2.458930248e-05	4.243856438e-06	4.999999912e-15	4.999999912e-15	1.241679676e-10	3.767998825e-13	4.38616192e-11	1.438191363e-12	5.218151865e-12	2.558870779e-14	7.991531881e-10	5.522620122e-12	1.856846898e-10	3.425899972e-13	4.999999912e-15	1	1	1	1	1	1	1	0	0	0	0	0	0	0	0	0	0	2.377379207e-08	0.03970962844	78.37853113	21.58175924
259.142	1782300614.022	06/24/2026_13:30:14.022	1	3	2.4520652e-05	4.232484116e-06	4.999999912e-15	4.999999912e-15	1.235938157e-10	3.980083678e-13	4.34741132e-11	1.500869958e-12	5.202637366e-12	3.160382587e-14	7.922376644e-10	5.533135582e-12	1.841642672e-10	3.1254727e-13	4.999999912e-15	1	1	1	1	1	1	1	0	0	0	0	0	0	0	0	0	0	3.071945215e-08	0.03648738852	78.37559438	21.58791823
261.008	1782300615.888	06/24/2026_13:30:15.888	1	3	2.462969678e-05	4.287996489e-06	4.999999912e-15	4.999999912e-15	1.234729957e-10	3.885359103e-13	4.328319647e-11	1.459943386e-12	5.133064546e-12	2.453284564e-14	7.892619891e-10	5.511619806e-12	1.839105257e-10	2.953567024e-13	4.999999912e-15	1	1	1	1	1	1	1	0	0	0	0	0	0	0	0	0	0	2.255458748e-08	0.03456029015	78.34044991	21.6249898
262.875	1782300617.755	06/24/2026_13:30:17.755	1	3	2.450641296e-05	4.247105608e-06	4.999999912e-15	4.999999912e-15	1.233674829e-10	4.047387967e-13	4.333687575e-11	1.455058621e-12	5.121326106e-12	3.719529025e-14	7.921084344e-10	5.479450661e-12	1.838263014e-10	3.176807233e-13	4.999999912e-15	1	1	1	1	1	1	1	0	0	0	0	0	0	0	0	0	0	3.717591909e-08	0.03711738363	78.40405834	21.55882428
264.741	1782300619.621	06/24/2026_13:30:19.621	1	3	2.446751205e-05	4.251995506e-06	4.999999912e-15	4.999999912e-15	1.235899161e-10	3.776591127e-13	4.347236113e-11	1.473539281e-12	5.102016032e-12	3.626487538e-14	7.952647985e-10	5.48523553e-12	1.8395932e-10	2.904497389e-13	4.999999912e-15	1	1	1	1	1	1	1	0	0	0	0	0	0	0	0	0	0	3.610156853e-08	0.03377538166	78.45876808	21.50745653
266.607	1782300621.487	06/24/2026_13:30:21.487	1	3	2.449542444e-05	4.206604899e-06	1.811201742e-14	1.217008638e-14	1.239267716e-10	3.986903581e-13	4.378294949e-11	1.461635175e-12	5.121669581e-12	8.279156677e-15	7.959535253e-10	5.451132167e-12	1.840453068e-10	3.020184742e-13	4.999999912e-15	1	1	1	1	1	1	1	0	0	0	0	0	0	0	0	0	0	3.786444082e-09	0.03511250938	78.45929473	21.50559276
268.474	1782300623.354	06/24/2026_13:30:23.354	1	3	2.446220788e-05	4.307768904e-06	4.999999912e-15	4.999999912e-15	1.234490982e-10	4.19011207e-13	4.353592833e-11	1.472732309e-12	5.123020931e-12	4.999999912e-15	7.933206869e-10	5.478394214e-12	1.840076425e-10	3.320965193e-13	4.999999912e-15	1	1	1	1	1	1	1	0	0	0	0	0	0	0	0	0	0	0	0.03877212901	78.40842219	21.55280568
270.34	1782300625.220	06/24/2026_13:30:25.220	1	3	2.453830348e-05	4.247105608e-06	4.999999912e-15	4.999999912e-15	1.240118702e-10	3.949671807e-13	4.364716921e-11	1.459986862e-12	5.095573269e-12	5.133452494e-15	7.942516644e-10	5.480646319e-12	1.838791341e-10	3.374037432e-13	4.999999912e-15	1	1	1	1	1	1	1	0	0	0	0	0	0	0	0	0	0	1.540977682e-10	0.03936679578	78.43811104	21.52252216
272.207	1782300627.087	06/24/2026_13:30:27.087	1	3	2.445370774e-05	4.311066732e-06	2.231457816e-14	4.999999912e-15	1.235783698e-10	3.800809765e-13	4.320205305e-11	1.44429618e-12	5.03005233e-12	7.328318995e-15	7.877860586e-10	5.467585152e-12	1.841451297e-10	3.052891056e-13	4.999999912e-15	1	1	1	1	1	1	1	0	0	0	0	0	0	0	0	0	0	2.688511299e-09	0.03578419804	78.28980397	21.67441183
274.073	1782300628.953	06/24/2026_13:30:28.953	1	3	2.446567487e-05	4.283070211e-06	4.999999912e-15	7.249179013e-15	1.233094737e-10	3.696273702e-13	4.341797755e-11	1.403173151e-12	5.063259274e-12	4.999999912e-15	7.886478137e-10	5.464216319e-12	1.830556678e-10	3.199095177e-13	4.999999912e-15	1	1	1	1	1	1	1	0	0	0	0	0	0	0	0	0	0	0	0.03753956953	78.39707538	21.56538506
275.939	1782300630.819	06/24/2026_13:30:30.819	1	3	2.446293729e-05	4.235728738e-06	4.999999912e-15	4.999999912e-15	1.239002512e-10	4.004038312e-13	4.357903968e-11	1.476466952e-12	5.081442645e-12	4.999999912e-15	7.946965863e-10	5.510656601e-12	1.849907588e-10	3.239193581e-13	4.999999912e-15	1	1	1	1	1	1	1	0	0	0	0	0	0	0	0	0	0	0	0.03770877871	78.35263574	21.60965548
277.806	1782300632.686	06/24/2026_13:30:32.686	1	3	2.455420508e-05	4.324311703e-06	4.999999912e-15	4.999999912e-15	1.235708341e-10	4.111616375e-13	4.330641748e-11	1.46208295e-12	5.026676558e-12	3.654513487e-14	7.906298394e-10	5.402806241e-12	1.835005065e-10	3.088066641e-13	4.999999912e-15	1	1	1	1	1	1	1	0	0	0	0	0	0	0	0	0	0	3.642518431e-08	0.03612846713	78.40373479	21.56013675
279.672	1782300634.552	06/24/2026_13:30:34.552	1	3	2.443665835e-05	4.281424481e-06	4.999999912e-15	2.375525076e-14	1.23237795e-10	4.224899239e-13	4.327785699e-11	1.435123288e-12	5.038016445e-12	9.876141585e-15	7.924476075e-10	5.48324797e-12	1.839847996e-10	3.311905058e-13	4.999999912e-15	1	1	1	1	1	1	1	0	0	0	0	0	0	0	0	0	0	5.630483414e-09	0.03870222092	78.3968068	21.56449098
281.539	1782300636.419	06/24/2026_13:30:36.419	1	3	2.46258187e-05	4.311066732e-06	4.999999912e-15	4.999999912e-15	1.230038987e-10	3.950612623e-13	4.327467551e-11	1.412469642e-12	5.008589463e-12	2.318475205e-14	7.873667274e-10	5.527340738e-12	1.834549734e-10	3.031803866e-13	4.999999912e-15	1	1	1	1	1	1	1	0	0	0	0	0	0	0	0	0	0	2.099794309e-08	0.03557736766	78.33849101	21.62593162
283.405	1782300638.285	06/24/2026_13:30:38.285	1	3	2.44789062e-05	4.307768904e-06	4.999999912e-15	2.7033375e-14	1.227935392e-10	3.893717488e-13	4.325101388e-11	1.454801449e-12	5.001090687e-12	1.670269859e-14	7.875899932e-10	5.492049957e-12	1.829362495e-10	3.271885258e-13	4.999999912e-15	1	1	1	1	1	1	1	0	0	0	0	0	0	0	0	0	0	1.351311246e-08	0.0384562524	78.38640853	21.57513522
285.271	1782300640.151	06/24/2026_13:30:40.151	1	3	2.446829058e-05	4.243856438e-06	8.699807639e-15	4.999999912e-15	1.227809521e-10	3.981273048e-13	4.311175375e-11	1.441282749e-12	4.994016485e-12	6.215726989e-14	7.861507001e-10	5.424615184e-12	1.824520118e-10	3.21571166e-13	4.999999912e-15	1	1	1	1	1	1	1	0	0	0	0	0	0	0	0	0	0	6.599953042e-08	0.03786113815	78.40208389	21.56005498
287.138	1782300642.018	06/24/2026_13:30:42.018	1	3	2.443704398e-05	4.287996489e-06	4.999999912e-15	4.999999912e-15	1.23575733e-10	3.926210214e-13	4.335935083e-11	1.419511644e-12	5.056120887e-12	3.629225148e-14	7.897618115e-10	5.433851719e-12	1.834742774e-10	3.197606296e-13	4.999999912e-15	1	1	1	1	1	1	1	0	0	0	0	0	0	0	0	0	0	3.613317974e-08	0.03746273945	78.38574617	21.57679109
289.004	1782300643.884	06/24/2026_13:30:43.884	1	3	2.447552833e-05	4.253624866e-06	4.999999912e-15	4.999999912e-15	1.232640934e-10	3.8321077e-13	4.346156768e-11	1.410388299e-12	4.990020116e-12	2.05976085e-14	7.897399956e-10	5.476828192e-12	1.836400199e-10	3.507810633e-13	4.999999912e-15	1	1	1	1	1	1	1	0	0	0	0	0	0	0	0	0	0	1.801056703e-08	0.04114728773	78.3647882	21.59406451
290.871	1782300645.751	06/24/2026_13:30:45.751	1	3	2.453576417e-05	4.273229479e-06	4.999999912e-15	4.999999912e-15	1.225987922e-10	4.050389852e-13	4.320613312e-11	1.441217263e-12	4.959163288e-12	2.978928817e-14	7.868032337e-10	5.438878948e-12	1.825650187e-10	4.120641545e-13	7.495094701e-15	1	1	1	1	1	1	1	0	0	0	0	0	0	0	0	0	0	2.86242045e-08	0.04865804248	78.39487518	21.55646678
292.737	1782300647.617	06/24/2026_13:30:47.617	1	3	2.449320709e-05	4.281424481e-06	4.999999912e-15	4.999999912e-15	1.238834868e-10	3.763468758e-13	4.327520634e-11	1.419765239e-12	4.964593407e-12	2.523128699e-14	7.908363409e-10	5.488308159e-12	1.837653224e-10	3.217703068e-13	4.999999912e-15	1	1	1	1	1	1	1	0	0	0	0	0	0	0	0	0	0	2.336107808e-08	0.03764939385	78.38525271	21.5770979
294.603	1782300649.483	06/24/2026_13:30:49.483	1	3	2.444934944e-05	4.286358489e-06	4.999999912e-15	4.999999912e-15	1.230686247e-10	3.714443846e-13	4.322476405e-11	1.411971343e-12	4.986489086e-12	4.999999912e-15	7.842066996e-10	5.419175525e-12	1.819893264e-10	4.176974793e-13	4.999999912e-15	1	1	1	1	1	1	1	0	0	0	0	0	0	0	0	0	0	0	0.04946800509	78.39149331	21.55903868
296.47	1782300651.350	06/24/2026_13:30:51.350	1	3	2.445048267e-05	4.292928679e-06	4.999999912e-15	4.999999912e-15	1.226052176e-10	3.971555615e-13	4.331528886e-11	1.372245633e-12	4.991057047e-12	4.999999912e-15	7.890981757e-10	5.327780751e-12	1.823379364e-10	3.024311487e-13	4.999999912e-15	1	1	1	1	1	1	1	0	0	0	0	0	0	0	0	0	0	0	0.03547437781	78.4711847	21.49334092
298.336	1782300653.216	06/24/2026_13:30:53.216	1	3	2.447375846e-05	4.314376838e-06	4.999999912e-15	4.999999912e-15	1.220458595e-10	3.796140377e-13	4.269364723e-11	1.400527155e-12	4.855716957e-12	4.999999912e-15	7.809525249e-10	5.426050234e-12	1.822390294e-10	3.038743031e-13	4.999999912e-15	1	1	1	1	1	1	1	0	0	0	0	0	0	0	0	0	0	0	0.03594419494	78.31867197	21.64538384
300.203	1782300655.083	06/24/2026_13:30:55.083	1	3	2.449576641e-05	4.292928679e-06	4.999999912e-15	4.999999912e-15	1.226319463e-10	4.037989561e-13	4.307603926e-11	1.379872887e-12	4.887329257e-12	9.078645665e-15	7.816643999e-10	5.408702132e-12	1.822011708e-10	2.971308909e-13	4.999999912e-15	1	1	1	1	1	1	1	0	0	0	0	0	0	0	0	0	0	4.709614447e-09	0.03510390162	78.3318471	21.633049
302.069	1782300656.949	06/24/2026_13:30:56.949	1	3	2.453335583e-05	4.325964255e-06	4.18478796e-14	4.999999912e-15	1.224884777e-10	3.742217311e-13	4.284915131e-11	1.394262635e-12	4.865223242e-12	3.855432412e-14	7.829158988e-10	5.453964103e-12	1.81407056e-10	3.626246167e-13	4.999999912e-15	1	1	1	1	1	1	1	0	0	0	0	0	0	0	0	0	0	3.874519623e-08	0.04295987353	78.42676687	21.53027326
303.935	1782300658.815	06/24/2026_13:30:58.815	1	3	2.443680387e-05	4.261782578e-06	4.999999912e-15	4.999999912e-15	1.223087881e-10	3.86173759e-13	4.295996892e-11	1.343091545e-12	4.90643073e-12	1.252502029e-14	7.832079429e-10	5.386715379e-12	1.811328448e-10	3.015291196e-13	4.999999912e-15	1	1	1	1	1	1	1	0	0	0	0	0	0	0	0	0	0	8.689145078e-09	0.0356241096	78.46016758	21.50420831
305.802	1782300660.682	06/24/2026_13:31:00.682	1	3	2.440732169e-05	4.256881766e-06	4.999999912e-15	4.999999912e-15	1.218813939e-10	4.03170688e-13	4.262014699e-11	1.361036284e-12	4.82756413e-12	2.490222655e-14	7.809939362e-10	5.423609478e-12	1.81844248e-10	3.211625031e-13	4.999999912e-15	1	1	1	1	1	1	1	0	0	0	0	0	0	0	0	0	0	2.298111181e-08	0.0380396782	78.35390692	21.6080534
307.668	1782300662.548	06/24/2026_13:31:02.548	1	3	2.43706836e-05	4.238971542e-06	4.999999912e-15	4.999999912e-15	1.216723111e-10	3.545689404e-13	4.292659284e-11	1.412603324e-12	4.885538588e-12	3.741632519e-14	7.819984105e-10	5.382283595e-12	1.812601458e-10	4.411968566e-13	4.999999912e-15	1	1	1	1	1	1	1	0	0	0	0	0	0	0	0	0	0	3.743114825e-08	0.05245461948	78.40877418	21.5387712
309.535	1782300664.415	06/24/2026_13:31:04.415	1	3	2.439783748e-05	4.260149581e-06	4.999999912e-15	4.999999912e-15	1.222943136e-10	4.531782935e-13	4.311523708e-11	1.377925443e-12	4.800498107e-12	4.544311094e-14	7.835279647e-10	5.437610431e-12	1.806777922e-10	3.065456146e-13	4.999999912e-15	1	1	1	1	1	1	1	0	0	0	0	0	0	0	0	0	0	4.669968208e-08	0.03623243354	78.50359121	21.46017636
311.401	1782300666.281	06/24/2026_13:31:06.281	1	3	2.441078504e-05	4.327622719e-06	4.999999912e-15	4.999999912e-15	1.216988871e-10	3.48115742e-13	4.274732651e-11	1.37932363e-12	4.771374268e-12	2.643101937e-14	7.748444664e-10	5.35794499e-12	1.796764126e-10	3.142961152e-13	4.999999912e-15	1	1	1	1	1	1	1	0	0	0	0	0	0	0	0	0	0	2.474640971e-08	0.03753237718	78.41344813	21.54901949
313.267	1782300668.147	06/24/2026_13:31:08.147	1	3	2.430428867e-05	4.279788755e-06	4.999999912e-15	4.999999912e-15	1.219360446e-10	4.154781987e-13	4.270044041e-11	1.370568155e-12	4.807995148e-12	2.535771852e-14	7.792748113e-10	5.387197632e-12	1.81156673e-10	2.890329848e-13	4.999999912e-15	1	1	1	1	1	1	1	0	0	0	0	0	0	0	0	0	0	2.350706863e-08	0.03425878653	78.37997749	21.58576372
315.134	1782300670.014	06/24/2026_13:31:10.014	1	3	2.426278297e-05	4.299513876e-06	4.999999912e-15	4.999999912e-15	1.211672984e-10	3.68563551e-13	4.26503069e-11	1.376290466e-12	4.779527902e-12	1.983345773e-14	7.747436026e-10	5.293114471e-12	1.798596688e-10	3.218125636e-13	4.999999912e-15	1	1	1	1	1	1	1	0	0	0	0	0	0	0	0	0	0	1.712820172e-08	0.03844396072	78.39446474	21.5670913
317	1782300671.880	06/24/2026_13:31:11.880	1	3	2.436336763e-05	4.273229479e-06	4.999999912e-15	4.999999912e-15	1.215693379e-10	3.542448995e-13	4.26590846e-11	1.503156215e-12	4.726156532e-12	4.999999912e-15	7.701891902e-10	5.323638665e-12	1.794813465e-10	3.009148378e-13	7.028130519e-15	1	1	1	1	1	1	1	0	0	0	0	0	0	0	0	0	0	0	0.03609880869	78.33366457	21.63023662
318.867	1782300673.747	06/24/2026_13:31:13.747	1	3	2.427384788e-05	4.253624866e-06	4.999999912e-15	4.999999912e-15	1.211560852e-10	3.627699541e-13	4.263059003e-11	1.390301936e-12	4.732271866e-12	3.936078758e-14	7.728954698e-10	5.351607178e-12	1.792527793e-10	3.766450585e-13	4.999999912e-15	1	1	1	1	1	1	1	0	0	0	0	0	0	0	0	0	0	3.967642002e-08	0.04520905053	78.40442064	21.5503703
320.733	1782300675.613	06/24/2026_13:31:15.613	1	3	2.421071258e-05	4.263420578e-06	4.999999912e-15	4.999999912e-15	1.205203576e-10	3.918319391e-13	4.246336963e-11	1.385902786e-12	4.667868089e-12	3.31575113e-14	7.706633665e-10	5.350019906e-12	1.793889343e-10	3.140173397e-13	4.999999912e-15	1	1	1	1	1	1	1	0	0	0	0	0	0	0	0	0	0	3.251349355e-08	0.03767639926	78.35161033	21.61071327
322.599	1782300677.479	06/24/2026_13:31:17.479	1	3	2.428539483e-05	4.240600902e-06	4.999999912e-15	4.999999912e-15	1.205874428e-10	3.703835199e-13	4.257105779e-11	1.314561307e-12	4.688837426e-12	5.006511055e-15	7.718669592e-10	5.413669513e-12	1.789641213e-10	3.079414978e-13	4.999999912e-15	1	1	1	1	1	1	1	0	0	0	0	0	0	0	0	0	0	7.518419479e-12	0.03690824244	78.41423861	21.54885315
324.466	1782300679.346	06/24/2026_13:31:19.346	1	3	2.42529386e-05	4.235728738e-06	4.672696895e-14	4.999999912e-15	1.207300926e-10	2.896173698e-13	4.236082318e-11	1.484754051e-12	4.732999583e-12	5.509425517e-14	7.739272556e-10	5.39511491e-12	1.800814498e-10	3.167503423e-13	4.999999912e-15	1	1	1	1	1	1	1	0	0	0	0	0	0	0	0	0	0	5.784386351e-08	0.03785629616	78.36218341	21.5999603
326.332	1782300681.212	06/24/2026_13:31:21.212	1	3	2.425152343e-05	4.238971542e-06	4.999999912e-15	4.999999912e-15	1.208361605e-10	3.331045834e-13	4.262911898e-11	1.356984837e-12	4.67118488e-12	1.515570709e-13	7.755524556e-10	5.395988344e-12	1.794537574e-10	3.113321233e-13	4.999999912e-15	1	1	1	1	1	1	1	0	0	0	0	0	0	0	0	0	0	1.692295288e-07	0.03716216994	78.44845952	21.51437831
328.199	1782300683.079	06/24/2026_13:31:23.079	1	3	2.431542453e-05	4.269955753e-06	8.81557197e-14	4.999999912e-15	1.211690609e-10	3.819229275e-13	4.244763221e-11	1.351544961e-12	4.65769567e-12	6.788067152e-14	7.67895636e-10	5.369143064e-12	1.783228565e-10	3.24817457e-13	1.879999621e-14	1	1	1	1	1	1	1	0	0	0	0	0	0	0	0	0	0	7.260834535e-08	0.03923813386	78.38928559	21.57147627
330.065	1782300684.945	06/24/2026_13:31:24.945	1	3	2.424355807e-05	4.250362053e-06	4.999999912e-15	4.999999912e-15	1.211938327e-10	3.876492768e-13	4.255479302e-11	1.344041415e-12	4.69757306e-12	5.968014575e-14	7.733401142e-10	5.375506464e-12	1.789794285e-10	3.143150074e-13	4.999999912e-15	1	1	1	1	1	1	1	0	0	0	0	0	0	0	0	0	0	6.313919384e-08	0.03762541998	78.44612326	21.51625132
331.931	1782300686.811	06/24/2026_13:31:26.811	1	3	2.423459955e-05	4.268320026e-06	5.670818497e-14	1.10524857e-14	1.210633399e-10	3.826263579e-13	4.281783955e-11	1.419656818e-12	4.717118189e-12	4.999999912e-15	7.679961667e-10	5.393753586e-12	1.788629939e-10	3.964496645e-13	5.791565754e-15	1	1	1	1	1	1	1	0	0	0	0	0	0	0	0	0	0	0	0.0478749006	78.32787391	21.62425118
333.798	1782300688.678	06/24/2026_13:31:28.678	1	3	2.422801299e-05	4.22437779e-06	5.078565945e-14	4.999999912e-15	1.206503092e-10	3.707618522e-13	4.245345048e-11	1.316568599e-12	4.708809297e-12	6.721757347e-14	7.705620586e-10	5.420953617e-12	1.790952803e-10	4.391299336e-13	4.999999912e-15	1	1	1	1	1	1	1	0	0	0	0	0	0	0	0	0	0	7.184266568e-08	0.05294473915	78.36450305	21.58255221
335.664	1782300690.544	06/24/2026_13:31:30.544	1	3	2.43370705e-05	4.294578503e-06	4.786896248e-14	1.668178196e-14	1.204282646e-10	4.116370602e-13	4.282498661e-11	1.342270154e-12	4.635263093e-12	2.283690815e-13	7.766230992e-10	5.481534497e-12	1.798167448e-10	3.39119195e-13	4.999999912e-15	1	1	1	1	1	1	1	0	0	0	0	0	0	0	0	0	0	2.579243987e-07	0.04047244456	78.4308177	21.52870986
337.531	1782300692.411	06/24/2026_13:31:32.411	1	3	2.427434811e-05	4.283070211e-06	3.590246048e-14	4.999999912e-15	1.21314625e-10	3.922471072e-13	4.262920572e-11	1.348918156e-12	4.729586948e-12	1.105589348e-13	7.706086325e-10	5.455589539e-12	1.788733744e-10	3.678979322e-13	4.999999912e-15	1	1	1	1	1	1	1	0	0	0	0	0	0	0	0	0	0	1.218889589e-07	0.04426416229	78.39077482	21.56496102
339.397	1782300694.277	06/24/2026_13:31:34.277	1	3	2.430500172e-05	4.2341062e-06	4.125647442e-14	9.486527774e-14	1.209110451e-10	3.828418973e-13	4.249352606e-11	1.354777835e-12	4.633792048e-12	6.880361894e-14	7.669291313e-10	5.4017151e-12	1.785369769e-10	4.006079322e-13	4.999999912e-15	1	1	1	1	1	1	1	0	0	0	0	0	0	0	0	0	0	7.367407325e-08	0.04845287518	78.34006131	21.61148581
341.263	1782300696.143	06/24/2026_13:31:36.143	1	3	2.437413423e-05	4.237347639e-06	7.380170287e-14	5.890704184e-14	1.210832684e-10	3.83562702e-13	4.25420775e-11	1.350408934e-12	4.678818531e-12	1.568812083e-13	7.729076823e-10	5.454268547e-12	1.793756255e-10	3.818223678e-13	4.999999912e-15	1	1	1	1	1	1	1	0	0	0	0	0	0	0	0	0	0	1.753773131e-07	0.04583313187	78.39476626	21.55940061
343.13	1782300698.010	06/24/2026_13:31:38.010	1	3	2.43187078e-05	4.279788755e-06	8.080247761e-14	6.51989381e-14	1.213475015e-10	3.827776583e-13	4.265060527e-11	1.352706467e-12	4.631740304e-12	7.02487859e-14	7.681986158e-10	5.425402315e-12	1.784347253e-10	4.077560501e-13	3.714202882e-14	1	1	1	1	1	1	1	0	0	0	0	0	0	0	0	0	0	7.534280831e-08	0.04948333856	78.37402616	21.5764905
344.996	1782300699.876	06/24/2026_13:31:39.876	1	3	2.425929961e-05	4.292928679e-06	9.917288751e-14	4.419408971e-14	1.205598121e-10	4.031114364e-13	4.269651993e-11	1.329085062e-12	4.630616637e-12	1.731523318e-13	7.714986427e-10	5.504900355e-12	1.791746335e-10	4.130796725e-13	5.582307281e-14	1	1	1	1	1	1	1	0	0	0	0	0	0	0	0	0	0	1.941655881e-07	0.05005833964	78.37440152	21.57554014
346.863	1782300701.743	06/24/2026_13:31:41.743	1	3	2.427961954e-05	4.247105608e-06	1.169170419e-13	4.198577656e-14	1.206401506e-10	4.352285947e-13	4.252121918e-11	1.364364459e-12	4.624939754e-12	1.534846198e-13	7.756670861e-10	5.493655877e-12	1.802467203e-10	3.847101403e-13	4.999999912e-15	1	1	1	1	1	1	1	0	0	0	0	0	0	0	0	0	0	1.714552705e-07	0.04601558678	78.37459502	21.57938939
348.729	1782300703.609	06/24/2026_13:31:43.609	1	3	2.419716657e-05	4.263420578e-06	1.021782011e-13	3.280654489e-14	1.207120376e-10	3.315399713e-13	4.278855742e-11	1.302512135e-12	4.60589596e-12	1.522744333e-13	7.66778252e-10	5.478603682e-12	1.783281439e-10	3.902265338e-13	4.999999912e-15	1	1	1	1	1	1	1	0	0	0	0	0	0	0	0	0	0	1.700578675e-07	0.04719817562	78.34984156	21.60296026
350.595	1782300705.475	06/24/2026_13:31:45.475	1	3	2.422121543e-05	4.296224688e-06	1.094438464e-13	5.994897368e-14	1.205646277e-10	4.242109051e-13	4.27401621e-11	1.318622728e-12	4.572292198e-12	1.161583714e-13	7.7069362e-10	5.45433837e-12	1.78275561e-10	3.528320756e-13	4.999999912e-15	1	1	1	1	1	1	1	0	0	0	0	0	0	0	0	0	0	1.283546315e-07	0.04245636169	78.44312701	21.51441663
352.462	1782300707.342	06/24/2026_13:31:47.342	1	3	2.426170431e-05	4.247105608e-06	1.0090528e-13	9.190875329e-14	1.194495197e-10	3.602913324e-13	4.206744675e-11	1.25734785e-12	4.53087047e-12	1.300095963e-13	7.642405042e-10	5.496302632e-12	1.767423152e-10	4.234980422e-13	4.999999912e-15	1	1	1	1	1	1	1	0	0	0	0	0	0	0	0	0	0	1.443486482e-07	0.0515171417	78.4463377	21.50214516
354.328	1782300709.208	06/24/2026_13:31:49.208	1	3	2.423492515e-05	4.322650511e-06	1.625503524e-13	9.562394821e-14	1.195725741e-10	3.84078457e-13	4.228438086e-11	1.272660037e-12	4.540802196e-12	1.889545107e-13	7.667039226e-10	5.484716847e-12	1.777221426e-10	4.4003695e-13	1.657475765e-14	1	1	1	1	1	1	1	0	0	0	0	0	0	0	0	0	0	2.124123726e-07	0.05343379316	78.40499268	21.54157353
356.195	1782300711.075	06/24/2026_13:31:51.075	1	3	2.42032238e-05	4.284711849e-06	1.069054581e-13	9.938245702e-14	1.206916789e-10	3.767655133e-13	4.264005468e-11	1.292520019e-12	4.509224157e-12	8.297444627e-14	7.63281327e-10	5.432620499e-12	1.784696141e-10	4.517883734e-13	4.42602972e-14	1	1	1	1	1	1	1	0	0	0	0	0	0	0	0	0	0	9.003713519e-08	0.05518894761	78.25796701	21.68684404
358.061	1782300712.941	06/24/2026_13:31:52.941	1	3	2.425572711e-05	4.287996489e-06	1.036273389e-13	7.336808976e-14	1.201837241e-10	3.571072474e-13	4.213114232e-11	1.2342512e-12	4.483806989e-12	1.034839667e-13	7.653402356e-10	5.441752084e-12	1.777287345e-10	4.340935163e-13	5.839378731e-14	1	1	1	1	1	1	1	0	0	0	0	0	0	0	0	0	0	1.137194895e-07	0.05305817771	78.38042964	21.56651219
359.927	1782300714.807	06/24/2026_13:31:54.807	1	3	2.421660611e-05	4.283070211e-06	1.397568313e-13	4.932556777e-14	1.191861748e-10	3.702217569e-13	4.19082824e-11	1.235991452e-12	4.45775708e-12	8.900747571e-14	7.606187347e-10	5.470844264e-12	1.771020552e-10	4.257740536e-13	4.999999912e-15	1	1	1	1	1	1	1	0	0	0	0	0	0	0	0	0	0	9.700347753e-08	0.05196891528	78.33712167	21.61090942
361.794	1782300716.674	06/24/2026_13:31:56.674	1	3	2.423763726e-05	4.213057309e-06	1.748324521e-13	7.250935421e-14	1.190274684e-10	3.505933337e-13	4.199104606e-11	1.247904557e-12	4.425850311e-12	8.619731177e-14	7.583423334e-10	5.402836165e-12	1.774327768e-10	4.628568037e-13	2.489026983e-14	1	1	1	1	1	1	1	0	0	0	0	0	0	0	0	0	0	9.375857971e-08	0.05679077158	78.25118385	21.69202538
363.66	1782300718.540	06/24/2026_13:31:58.540	1	3	2.420657984e-05	4.195331712e-06	1.674438718e-13	1.115291805e-13	1.193639909e-10	3.777611633e-13	4.215393659e-11	1.262770487e-12	4.339237303e-12	7.464698076e-14	7.628614407e-10	5.465859102e-12	1.77214951e-10	4.511830362e-13	5.592113212e-14	1	1	1	1	1	1	1	0	0	0	0	0	0	0	0	0	0	8.042140628e-08	0.05531571337	78.36842457	21.57625972
365.527	1782300720.407	06/24/2026_13:32:00.407	1	3	2.408774526e-05	4.250362053e-06	1.683961943e-13	1.181765054e-13	1.197611732e-10	3.712422622e-13	4.214186292e-11	1.180117419e-12	4.406849018e-12	1.197814634e-13	7.606112407e-10	5.38985306e-12	1.764979829e-10	5.698389894e-13	5.650308441e-14	1	1	1	1	1	1	1	0	0	0	0	0	0	0	0	0	0	1.325382177e-07	0.07014053959	78.37472806	21.5551314
367.393	1782300722.273	06/24/2026_13:32:02.273	1	3	2.416843381e-05	4.283070211e-06	1.281970407e-13	4.826770833e-14	1.190012255e-10	3.763682616e-13	4.191133204e-11	1.266232236e-12	4.377821022e-12	4.834338225e-14	7.609800012e-10	5.427101477e-12	1.769267649e-10	4.807184924e-13	8.602207759e-14	1	1	1	1	1	1	1	0	0	0	0	0	0	0	0	0	0	5.004862692e-08	0.05929641028	78.35454297	21.58616062
369.259	1782300724.139	06/24/2026_13:32:04.139	1	3	2.416378993e-05	4.256881766e-06	2.109942809e-13	1.461149181e-13	1.195468308e-10	3.83190902e-13	4.245730156e-11	1.211134491e-12	4.35555151e-12	4.999999912e-15	7.557506287e-10	5.395485274e-12	1.76086451e-10	4.759877388e-13	4.575523581e-14	1	1	1	1	1	1	1	0	0	0	0	0	0	0	0	0	0	0	0.05879140597	78.30765843	21.63355017
371.126	1782300726.006	06/24/2026_13:32:06.006	1	3	2.417577343e-05	4.266688848e-06	1.540272358e-13	9.08284949e-14	1.186029747e-10	3.41285702e-13	4.169465467e-11	1.175442122e-12	4.327398249e-12	2.110637714e-14	7.62071739e-10	5.402429806e-12	1.772297309e-10	4.886272593e-13	7.077646032e-14	1	1	1	1	1	1	1	0	0	0	0	0	0	0	0	0	0	1.859804246e-08	0.06008818113	78.35334661	21.58656521
372.992	1782300727.872	06/24/2026_13:32:07.872	1	3	2.414064147e-05	4.243856438e-06	1.432290972e-13	1.216995526e-13	1.197725669e-10	3.100890584e-13	4.165662953e-11	1.112003068e-12	4.283926946e-12	7.496583785e-15	7.58420271e-10	5.370304462e-12	1.764380586e-10	4.284736628e-13	6.06712895e-14	1	1	1	1	1	1	1	0	0	0	0	0	0	0	0	0	0	2.882806741e-09	0.05283913844	78.35628452	21.59087634
374.859	1782300729.739	06/24/2026_13:32:09.739	1	3	2.407202555e-05	4.243856438e-06	1.233313853e-13	1.438852293e-13	1.188286969e-10	3.388419103e-13	4.179791235e-11	1.132141689e-12	4.27452301e-12	2.524571535e-14	7.586109518e-10	5.361418774e-12	1.760568913e-10	4.461590873e-13	1.052467372e-13	1	1	1	1	1	1	1	0	0	0	0	0	0	0	0	0	0	2.337773851e-08	0.05535381752	78.38722922	21.55741696
376.725	1782300731.605	06/24/2026_13:32:11.605	1	3	2.417421456e-05	4.201767297e-06	1.915929167e-13	1.048972717e-13	1.191174381e-10	3.419174124e-13	4.22296087e-11	1.171434044e-12	4.236602822e-12	4.999999912e-15	7.59619978e-10	5.34361444e-12	1.766951169e-10	4.683388009e-13	9.515599978e-14	1	1	1	1	1	1	1	0	0	0	0	0	0	0	0	0	0	0	0.0579199978	78.34077423	21.60130578
378.591	1782300733.471	06/24/2026_13:32:13.471	1	3	2.412917638e-05	4.247105608e-06	1.245764153e-13	9.307463654e-14	1.186848675e-10	3.709276809e-13	4.177097904e-11	1.15609898e-12	4.169048353e-12	1.29501529e-14	7.564801008e-10	5.298839926e-12	1.758967139e-10	4.670260489e-13	1.178977434e-13	1	1	1	1	1	1	1	0	0	0	0	0	0	0	0	0	0	9.180045934e-09	0.05816265056	78.3532116	21.58862575
380.458	1782300735.338	06/24/2026_13:32:15.338	1	3	2.410495836e-05	4.206604899e-06	8.96984513e-14	1.212042212e-13	1.189283394e-10	3.607492994e-13	4.21024049e-11	1.138317956e-12	4.248918925e-12	4.999999912e-15	7.603738195e-10	5.31868603e-12	1.764705326e-10	4.677438992e-13	9.176537432e-14	1	1	1	1	1	1	1	0	0	0	0	0	0	0	0	0	0	0	0.05779804267	78.37984647	21.56235549
382.324	1782300737.204	06/24/2026_13:32:17.204	1	3	2.41240723e-05	4.256881766e-06	9.218901277e-14	9.034112569e-14	1.195837596e-10	3.667444495e-13	4.225132397e-11	1.126507199e-12	4.183818222e-12	4.999999912e-15	7.586855033e-10	5.294242475e-12	1.761335799e-10	4.323645933e-13	8.203755329e-14	1	1	1	1	1	1	1	0	0	0	0	0	0	0	0	0	0	0	0.05346483973	78.37622601	21.57030915
384.191	1782300739.071	06/24/2026_13:32:19.071	1	3	2.420895908e-05	4.242226169e-06	5.188832017e-14	1.111045392e-13	1.185892357e-10	3.746124504e-13	4.197262329e-11	1.119245538e-12	4.178906353e-12	4.999999912e-15	7.565629234e-10	5.31101595e-12	1.749731193e-10	3.857475862e-13	1.703207481e-13	1	1	1	1	1	1	1	0	0	0	0	0	0	0	0	0	0	0	0.0484786222	78.44274248	21.5087789
386.057	1782300740.937	06/24/2026_13:32:20.937	1	3	2.418074655e-05	4.276510026e-06	7.648540818e-14	8.647757803e-14	1.1876225e-10	3.70961508e-13	4.199873088e-11	1.123253183e-12	4.199337926e-12	4.999999912e-15	7.57143015e-10	5.271055727e-12	1.765064345e-10	4.379316191e-13	1.020731622e-13	1	1	1	1	1	1	1	0	0	0	0	0	0	0	0	0	0	0	0.05436293675	78.31033799	21.63529907
387.923	1782300742.803	06/24/2026_13:32:22.803	1	3	2.410041816e-05	4.322650511e-06	7.563414684e-14	8.905924636e-14	1.188347198e-10	3.410417294e-13	4.165896447e-11	1.079653294e-12	4.127593232e-12	4.999999912e-15	7.550026715e-10	5.291036706e-12	1.755694756e-10	4.391433506e-13	8.5757722e-14	1	1	1	1	1	1	1	0	0	0	0	0	0	0	0	0	0	0	0.05458359625	78.35651523	21.58890117
389.79	1782300744.670	06/24/2026_13:32:24.670	1	3	2.414495611e-05	4.281424481e-06	7.680750431e-14	6.297618812e-14	1.185073706e-10	3.858078679e-13	4.173887971e-11	1.132296839e-12	4.143032271e-12	4.999999912e-15	7.57056251e-10	5.285607455e-12	1.751649797e-10	4.430168526e-13	1.58947325e-14	1	1	1	1	1	1	1	0	0	0	0	0	0	0	0	0	0	0	0.05449828299	78.43586864	21.50963308
391.656	1782300746.536	06/24/2026_13:32:26.536	1	3	2.422047692e-05	4.265049938e-06	8.978955139e-14	5.923161131e-14	1.187866888e-10	3.819238762e-13	4.168346918e-11	1.134988154e-12	4.130215701e-12	4.999999912e-15	7.59221519e-10	5.25737006e-12	1.756750717e-10	3.938316416e-13	5.304275492e-14	1	1	1	1	1	1	1	0	0	0	0	0	0	0	0	0	0	0	0.04850847554	78.44311202	21.5083795
393.523	1782300748.403	06/24/2026_13:32:28.403	1	3	2.406419844e-05	4.273229479e-06	5.560353203e-14	1.04337715e-13	1.188062565e-10	3.118074917e-13	4.152629976e-11	1.064437601e-12	4.116551284e-12	4.999999912e-15	7.542523828e-10	5.255789727e-12	1.753317908e-10	3.347150031e-13	3.299072712e-14	1	1	1	1	1	1	1	0	0	0	0	0	0	0	0	0	0	0	0.04127466337	78.37503897	21.58368637
395.389	1782300750.269	06/24/2026_13:32:30.269	1	3	2.407448483e-05	4.258517492e-06	4.507521065e-14	9.2176558e-14	1.189411347e-10	3.635977966e-13	4.187923966e-11	1.122619792e-12	4.176354575e-12	4.999999912e-15	7.577445893e-10	5.145112635e-12	1.7512998e-10	3.873854362e-13	8.870778867e-14	1	1	1	1	1	1	1	0	0	0	0	0	0	0	0	0	0	0	0.0480531662	78.45759887	21.49434796
397.255	1782300752.135	06/24/2026_13:32:32.135	1	3	2.408006003e-05	4.217907644e-06	4.999999912e-15	2.403601678e-14	1.183741993e-10	3.622203178e-13	4.154037878e-11	1.145149513e-12	4.055691546e-12	4.999999912e-15	7.526965717e-10	5.145531137e-12	1.746920525e-10	3.467482378e-13	2.668439742e-14	1	1	1	1	1	1	1	0	0	0	0	0	0	0	0	0	0	0	0.04283244321	78.39678739	21.56038016
399.122	1782300754.002	06/24/2026_13:32:34.002	1	3	2.404927181e-05	4.279788755e-06	4.672696895e-14	1.602167224e-14	1.182608872e-10	3.636445528e-13	4.15457356e-11	1.076628587e-12	4.117101191e-12	4.999999912e-15	7.495150056e-10	5.163414835e-12	1.741662925e-10	3.531028551e-13	8.816119492e-14	1	1	1	1	1	1	1	0	0	0	0	0	0	0	0	0	0	0	0.04422183995	78.37362712	21.58215104
400.988	1782300755.868	06/24/2026_13:32:35.868	1	3	2.415213567e-05	4.261782578e-06	4.999999912e-15	4.999999912e-15	1.177587611e-10	3.816027897e-13	4.128785508e-11	1.055621736e-12	4.052470599e-12	4.999999912e-15	7.487684917e-10	5.114821327e-12	1.743760414e-10	3.314070481e-13	1.494340269e-14	1	1	1	1	1	1	1	0	0	0	0	0	0	0	0	0	0	0	0.04102228055	78.34405915	21.61491857
402.855	1782300757.735	06/24/2026_13:32:37.735	1	3	2.407671127e-05	4.238971542e-06	4.999999912e-15	2.835108721e-14	1.186122728e-10	3.434765493e-13	4.21924197e-11	1.073935971e-12	4.008505333e-12	4.999999912e-15	7.527531931e-10	5.197285744e-12	1.752430007e-10	3.562804348e-13	8.784931062e-15	1	1	1	1	1	1	1	0	0	0	0	0	0	0	0	0	0	0	0.04385850538	78.33340115	21.62274034
404.721	1782300759.601	06/24/2026_13:32:39.601	1	3	2.404930638e-05	4.296224688e-06	4.999999912e-15	1.417826089e-14	1.181163362e-10	3.818930849e-13	4.181786167e-11	1.013446271e-12	4.015387849e-12	4.999999912e-15	7.529924462e-10	5.09908565e-12	1.744433625e-10	3.760705939e-13	4.999999912e-15	1	1	1	1	1	1	1	0	0	0	0	0	0	0	0	0	0	0	0.04634108886	78.41669497	21.53696394
406.587	1782300761.467	06/24/2026_13:32:41.467	1	3	2.406249041e-05	4.247105608e-06	4.999999912e-15	4.999999912e-15	1.179862874e-10	3.437090564e-13	4.133281564e-11	1.112408668e-12	4.089765852e-12	4.999999912e-15	7.534026181e-10	5.143244337e-12	1.752149953e-10	3.107377636e-13	4.999999912e-15	1	1	1	1	1	1	1	0	0	0	0	0	0	0	0	0	0	0	0.03814037858	78.37096365	21.59089597
408.454	1782300763.334	06/24/2026_13:32:43.334	1	3	2.403212056e-05	4.256881766e-06	4.999999912e-15	4.999999912e-15	1.175834985e-10	3.970495536e-13	4.141719606e-11	1.116349743e-12	4.041870571e-12	4.999999912e-15	7.507656719e-10	5.128209055e-12	1.745082551e-10	2.585650877e-13	4.999999912e-15	1	1	1	1	1	1	1	0	0	0	0	0	0	0	0	0	0	0	0.03174678154	78.379909	21.58834422
410.32	1782300765.200	06/24/2026_13:32:45.200	1	3	2.399688492e-05	4.258517492e-06	4.999999912e-15	4.999999912e-15	1.177409975e-10	3.533826335e-13	4.133819329e-11	1.107271176e-12	4.031720704e-12	4.999999912e-15	7.490023046e-10	5.017632143e-12	1.735108446e-10	3.457520728e-13	6.014584447e-15	1	1	1	1	1	1	1	0	0	0	0	0	0	0	0	0	0	0	0.04279237021	78.42683227	21.53037536
412.187	1782300767.067	06/24/2026_13:32:47.067	1	3	2.393877367e-05	4.263420578e-06	4.999999912e-15	4.999999912e-15	1.179143727e-10	3.645581016e-13	4.134253703e-11	1.084945501e-12	4.052785017e-12	4.999999912e-15	7.48595741e-10	5.078090726e-12	1.734950378e-10	2.936332546e-13	4.999999912e-15	1	1	1	1	1	1	1	0	0	0	0	0	0	0	0	0	0	0	0.03625835376	78.42492976	21.53881189
414.053	1782300768.933	06/24/2026_13:32:48.933	1	3	2.396839045e-05	4.240600902e-06	4.999999912e-15	4.999999912e-15	1.17174298e-10	3.60913556e-13	4.135233822e-11	1.118095742e-12	4.047842356e-12	4.999999912e-15	7.477430897e-10	5.050738473e-12	1.738453548e-10	3.056839178e-13	4.999999912e-15	1	1	1	1	1	1	1	0	0	0	0	0	0	0	0	0	0	0	0.03779320615	78.36969934	21.59250745
415.919	1782300770.799	06/24/2026_13:32:50.799	1	3	2.394390685e-05	4.240600902e-06	7.439358239e-14	4.999999912e-15	1.180682635e-10	3.533338444e-13	4.134352929e-11	1.050535201e-12	4.046706546e-12	4.999999912e-15	7.506781308e-10	5.070777999e-12	1.743565708e-10	2.722854223e-13	4.999999912e-15	1	1	1	1	1	1	1	0	0	0	0	0	0	0	0	0	0	0	0.03347116456	78.39382337	21.57270547
417.786	1782300772.666	06/24/2026_13:32:52.666	1	3	2.405805208e-05	4.268320026e-06	4.999999912e-15	4.999999912e-15	1.175585185e-10	3.569589015e-13	4.10766178e-11	1.092495885e-12	4.0889939e-12	4.999999912e-15	7.47374107e-10	5.087910995e-12	1.737925359e-10	2.688096057e-13	4.999999912e-15	1	1	1	1	1	1	1	0	0	0	0	0	0	0	0	0	0	0	0.03317514215	78.37723504	21.58958981
419.652	1782300774.532	06/24/2026_13:32:54.532	1	3	2.398068318e-05	4.274871571e-06	4.999999912e-15	4.999999912e-15	1.168258129e-10	3.613630933e-13	4.105169329e-11	1.153734877e-12	4.038506942e-12	3.228284136e-14	7.461075646e-10	5.100407943e-12	1.736232963e-10	2.899683531e-13	4.999999912e-15	1	1	1	1	1	1	1	0	0	0	0	0	0	0	0	0	0	3.150351171e-08	0.03589314616	78.36079425	21.60331261
421.519	1782300776.399	06/24/2026_13:32:56.399	1	3	2.388907342e-05	4.265049938e-06	4.999999912e-15	4.999999912e-15	1.180682357e-10	3.413155175e-13	4.131599576e-11	1.050798988e-12	4.067472054e-12	4.999999912e-15	7.489608378e-10	5.089009943e-12	1.73039888e-10	2.552212998e-13	4.999999912e-15	1	1	1	1	1	1	1	0	0	0	0	0	0	0	0	0	0	0	0.03143915457	78.48007495	21.4884859
423.385	1782300778.265	06/24/2026_13:32:58.265	1	3	2.392450733e-05	4.256881766e-06	4.999999912e-15	4.999999912e-15	1.17022933e-10	3.51953899e-13	4.104771037e-11	1.140932617e-12	4.029201018e-12	4.999999912e-15	7.433300087e-10	5.109449756e-12	1.731777222e-10	2.563931326e-13	4.999999912e-15	1	1	1	1	1	1	1	0	0	0	0	0	0	0	0	0	0	0	0.03177209339	78.34439008	21.62383783
425.251	1782300780.131	06/24/2026_13:33:00.131	1	3	2.389837209e-05	4.222759344e-06	4.999999912e-15	4.999999912e-15	1.168831143e-10	3.605292876e-13	4.123867567e-11	1.10438568e-12	4.037147786e-12	4.999999912e-15	7.424620363e-10	5.067383579e-12	1.724684978e-10	2.295996509e-13	4.999999912e-15	1	1	1	1	1	1	1	0	0	0	0	0	0	0	0	0	0	0	0.02843535371	78.38922508	21.58233956
427.118	1782300781.998	06/24/2026_13:33:01.998	1	3	2.386760752e-05	4.269955753e-06	4.999999912e-15	4.999999912e-15	1.166857444e-10	3.582273638e-13	4.087313821e-11	1.132510427e-12	4.004155948e-12	4.999999912e-15	7.409083902e-10	5.077116678e-12	1.727053917e-10	2.609143099e-13	4.999999912e-15	1	1	1	1	1	1	1	0	0	0	0	0	0	0	0	0	0	0	0.03244584429	78.33645235	21.6311018
428.984	1782300783.864	06/24/2026_13:33:03.864	1	3	2.390765985e-05	4.209834515e-06	4.999999912e-15	4.999999912e-15	1.169656316e-10	3.961480124e-13	4.128352521e-11	1.12602191e-12	4.05300446e-12	4.999999912e-15	7.465661422e-10	5.080122954e-12	1.728578392e-10	3.08249601e-13	4.999999912e-15	1	1	1	1	1	1	1	0	0	0	0	0	0	0	0	0	0	0	0.0382082736	78.43579586	21.52599587
430.851	1782300785.731	06/24/2026_13:33:05.731	1	3	2.388027497e-05	4.240600902e-06	4.999999912e-15	4.999999912e-15	1.172131003e-10	3.325375728e-13	4.128974246e-11	1.118995196e-12	4.042803852e-12	4.999999912e-15	7.479197817e-10	5.123590354e-12	1.735531163e-10	2.553999763e-13	4.999999912e-15	1	1	1	1	1	1	1	0	0	0	0	0	0	0	0	0	0	0	0.03148049031	78.4071395	21.56138001
432.717	1782300787.597	06/24/2026_13:33:07.597	1	3	2.389197471e-05	4.209834515e-06	4.999999912e-15	4.999999912e-15	1.169055686e-10	3.615169145e-13	4.118249144e-11	1.133103919e-12	4.051627957e-12	4.999999912e-15	7.443891614e-10	5.153863881e-12	1.730206395e-10	2.428097328e-13	4.999999912e-15	1	1	1	1	1	1	1	0	0	0	0	0	0	0	0	0	0	0	0.03002812033	78.38069933	21.58927255
434.583	1782300789.463	06/24/2026_13:33:09.463	1	3	2.396504533e-05	4.253624866e-06	4.999999912e-15	4.999999912e-15	1.171826525e-10	3.437573576e-13	4.078480956e-11	1.150143674e-12	4.01203246e-12	4.999999912e-15	7.416794401e-10	5.086056142e-12	1.716716352e-10	2.924544287e-13	4.999999912e-15	1	1	1	1	1	1	1	0	0	0	0	0	0	0	0	0	0	0	0.03645710463	78.45083755	21.51270535
436.45	1782300791.330	06/24/2026_13:33:11.330	1	3	2.402668906e-05	4.229236765e-06	4.999999912e-15	4.999999912e-15	1.167972247e-10	3.470508928e-13	4.120574021e-11	1.160123755e-12	4.03033943e-12	6.570918397e-14	7.469792007e-10	5.153814441e-12	1.731614019e-10	3.162779283e-13	4.999999912e-15	1	1	1	1	1	1	1	0	0	0	0	0	0	0	0	0	0	7.010092752e-08	0.03919052182	78.41705759	21.54375188
438.316	1782300793.196	06/24/2026_13:33:13.196	1	3	2.401728125e-05	4.283070211e-06	4.999999912e-15	4.999999912e-15	1.169285363e-10	2.459788016e-13	4.116604974e-11	1.158583104e-12	4.068413141e-12	6.813106123e-14	7.405419056e-10	5.210064585e-12	1.729876381e-10	2.756884619e-13	4.999999912e-15	1	1	1	1	1	1	1	0	0	0	0	0	0	0	0	0	0	7.289747049e-08	0.03431571651	78.29488918	21.6707951
440.183	1782300795.063	06/24/2026_13:33:15.063	1	3	2.391781709e-05	4.287996489e-06	4.999999912e-15	1.65130225e-14	1.173567632e-10	3.671029409e-13	4.127800532e-11	1.048684577e-12	4.049858105e-12	6.14000902e-14	7.421355197e-10	5.219709647e-12	1.724455162e-10	3.681503073e-13	4.999999912e-15	1	1	1	1	1	1	1	0	0	0	0	0	0	0	0	0	0	6.512521462e-08	0.04598132573	78.37107202	21.58294665
442.049	1782300796.929	06/24/2026_13:33:16.929	1	3	2.390255213e-05	4.251995506e-06	2.192179882e-14	4.999999912e-15	1.170060576e-10	3.354383286e-13	4.143158039e-11	1.163238451e-12	4.10116472e-12	8.618386088e-14	7.429287741e-10	5.166889486e-12	1.720814324e-10	3.322284396e-13	4.999999912e-15	1	1	1	1	1	1	1	0	0	0	0	0	0	0	0	0	0	9.374304797e-08	0.04141937995	78.42185028	21.53673034
443.915	1782300798.795	06/24/2026_13:33:18.795	1	3	2.399813638e-05	4.261782578e-06	4.136997345e-14	3.24212296e-14	1.165628427e-10	3.42942905e-13	4.113981031e-11	1.190118208e-12	4.039831837e-12	8.870630467e-14	7.404762914e-10	5.204737249e-12	1.719633463e-10	4.457917054e-13	4.999999912e-15	1	1	1	1	1	1	1	0	0	0	0	0	0	0	0	0	0	9.665571517e-08	0.05594372597	78.37161106	21.57244522
445.782	1782300800.662	06/24/2026_13:33:20.662	1	3	2.402465543e-05	4.274871571e-06	3.772197534e-14	4.999999912e-15	1.17084023e-10	3.618041468e-13	4.136115409e-11	1.166334607e-12	4.098801593e-12	9.922017228e-14	7.431070204e-10	5.216720719e-12	1.723057391e-10	3.036911272e-13	4.999999912e-15	1	1	1	1	1	1	1	0	0	0	0	0	0	0	0	0	0	1.087960838e-07	0.03779181505	78.40949346	21.55271472
447.648	1782300802.528	06/24/2026_13:33:22.528	1	3	2.400583435e-05	4.276510026e-06	5.686996826e-14	4.999999912e-15	1.162934679e-10	3.152524086e-13	4.136509191e-11	1.169018658e-12	3.982419429e-12	9.970603715e-14	7.409401981e-10	5.177194611e-12	1.72613937e-10	3.687377552e-13	4.999999912e-15	1	1	1	1	1	1	1	0	0	0	0	0	0	0	0	0	0	1.093571122e-07	0.04610990817	78.32305291	21.63083718
449.515	1782300804.395	06/24/2026_13:33:24.395	1	3	2.391375165e-05	4.213057309e-06	8.39840079e-14	4.999999912e-15	1.161266083e-10	3.89539502e-13	4.096288239e-11	1.252601104e-12	4.064986629e-12	8.069842808e-14	7.414563408e-10	5.238140217e-12	1.719258486e-10	3.584717972e-13	4.999999912e-15	1	1	1	1	1	1	1	0	0	0	0	0	0	0	0	0	0	8.740901576e-08	0.04482809841	78.40809154	21.54708037
451.381	1782300806.261	06/24/2026_13:33:26.261	1	3	2.391473208e-05	4.278153938e-06	1.204146781e-13	1.886818745e-14	1.172023867e-10	2.926669866e-13	4.131064241e-11	1.172299996e-12	4.040349652e-12	1.242100362e-13	7.430167037e-10	5.184079294e-12	1.728319293e-10	3.762403258e-13	2.156038172e-14	1	1	1	1	1	1	1	0	0	0	0	0	0	0	0	0	0	1.376518931e-07	0.04705733826	78.35259586	21.6003468
453.247	1782300808.127	06/24/2026_13:33:28.127	1	3	2.38991488e-05	4.278153938e-06	8.36370361e-14	4.450073258e-14	1.163826743e-10	3.455638824e-13	4.091631894e-11	1.163826088e-12	4.056487351e-12	8.955905001e-14	7.420020154e-10	5.243906004e-12	1.725751209e-10	3.217603592e-13	4.999999912e-15	1	1	1	1	1	1	1	0	0	0	0	0	0	0	0	0	0	9.764038067e-08	0.04011930635	78.36511408	21.59476661
455.114	1782300809.994	06/24/2026_13:33:29.994	1	3	2.395700722e-05	4.237347639e-06	1.049042309e-13	4.999999912e-15	1.157209745e-10	3.453095286e-13	4.097805775e-11	1.130918926e-12	4.056790927e-12	1.089385336e-13	7.345692943e-10	5.194379649e-12	1.721829485e-10	4.087551966e-13	2.720113495e-14	1	1	1	1	1	1	1	0	0	0	0	0	0	0	0	0	0	1.200178809e-07	0.05171340818	78.22202502	21.72626157
456.98	1782300811.860	06/24/2026_13:33:31.860	1	3	2.39144174e-05	4.266688848e-06	1.174327698e-13	2.723249889e-14	1.167338309e-10	3.603231808e-13	4.155885358e-11	1.145227684e-12	4.031476541e-12	1.204674652e-13	7.407321978e-10	5.256112386e-12	1.723170079e-10	3.870300077e-13	4.999999912e-15	1	1	1	1	1	1	1	0	0	0	0	0	0	0	0	0	0	1.333303443e-07	0.04844930904	78.34162347	21.60992722
458.847	1782300813.727	06/24/2026_13:33:33.727	1	3	2.393487011e-05	4.243856438e-06	1.142835826e-13	4.999999912e-15	1.157566196e-10	3.427333558e-13	4.082070099e-11	1.160796285e-12	4.006018607e-12	1.46243369e-13	7.372814026e-10	5.269339652e-12	1.714363929e-10	3.861548668e-13	2.000520721e-14	1	1	1	1	1	1	1	0	0	0	0	0	0	0	0	0	0	1.630937943e-07	0.04868601284	78.35932962	21.59198436
460.713	1782300815.593	06/24/2026_13:33:35.593	1	3	2.390142254e-05	4.242226169e-06	8.181005379e-14	4.836876952e-14	1.157228896e-10	3.540118773e-13	4.128051373e-11	1.191194929e-12	4.027312771e-12	6.589189237e-14	7.384896583e-10	5.186610256e-12	1.709492964e-10	4.098906815e-13	6.713045782e-14	1	1	1	1	1	1	1	0	0	0	0	0	0	0	0	0	0	7.0311901e-08	0.05200051235	78.41952141	21.52847808
462.579	1782300817.459	06/24/2026_13:33:37.459	1	3	2.387950917e-05	4.261782578e-06	1.144438954e-13	7.425619364e-14	1.164189023e-10	3.339886961e-13	4.06199796e-11	1.169327872e-12	4.037851217e-12	1.284902631e-13	7.358018639e-10	5.299404578e-12	1.711663311e-10	4.043400814e-13	1.77361618e-14	1	1	1	1	1	1	1	0	0	0	0	0	0	0	0	0	0	1.425942734e-07	0.05107933882	78.35619799	21.59272267
464.446	1782300819.326	06/24/2026_13:33:39.326	1	3	2.384310392e-05	4.278153938e-06	1.150945387e-13	2.911175329e-14	1.158296514e-10	3.974836411e-13	4.067303785e-11	1.105198832e-12	3.991524125e-12	1.118567383e-13	7.359168275e-10	5.266136485e-12	1.710121211e-10	4.305186849e-13	4.606537862e-14	1	1	1	1	1	1	1	0	0	0	0	0	0	0	0	0	0	1.233875334e-07	0.05462795609	78.36737655	21.5779955
466.312	1782300821.192	06/24/2026_13:33:41.192	1	3	2.382897765e-05	4.289644494e-06	1.43252001e-13	6.491966795e-14	1.156282986e-10	3.306140084e-13	4.11445357e-11	1.092889776e-12	4.033552138e-12	1.365374556e-13	7.342081387e-10	5.230975809e-12	1.710079162e-10	4.311529432e-13	3.137084776e-14	1	1	1	1	1	1	1	0	0	0	0	0	0	0	0	0	0	1.518863709e-07	0.05469739189	78.31823521	21.62706739
468.179	1782300823.059	06/24/2026_13:33:43.059	1	3	2.382735875e-05	4.306118171e-06	1.35102758e-13	1.164047835e-13	1.161831742e-10	3.842377263e-13	4.073627546e-11	1.089388128e-12	4.029238748e-12	1.127010404e-13	7.348003872e-10	5.272149904e-12	1.712042452e-10	4.262733287e-13	9.618150596e-14	1	1	1	1	1	1	1	0	0	0	0	0	0	0	0	0	0	1.243624495e-07	0.05448687032	78.32404783	21.6214653
